[1,["2aBl8KTFlPVrZcp0k0QTb0@6c48a","96RzOhlZpCHq5EESrH2Ydt","2ewRRY+FVJeLFN8+1c9pf6","a5qhou2NVMzqjAOwRR4RKN","eadHiwQI1AUrcD8NI1Xglf","3020z+CR9O6pFhy9HhZftd","d7InN1ytBFAZehaO1qtUz/","b1+8KD1U5EU7k3nVl0iQXh@73b7f","b3cuJSq+xN0aq0kBWyGSuF","ecxulG3YtPs4c8EoWZHpdr","b5snqx50BDmLQHhI/CssiX@6c48a","63E1kxmStFao2eNz73y4yr@6c48a","c89m0XNRpI2qEsAhLShXXE","efi73FbCNJsKKXtI383VFJ@ce0eb","60/Gjl8yJG07UAN+wtMbrP@551de","33nU7Xm29HhZGtuObfO7Vs@5f403","a61cLycnNEwZdDvtsj9ZFy@b3f94","98cwUf7t5Pc4HeXjF4vT5n@ab643","b1+8KD1U5EU7k3nVl0iQXh@e9eee","b1+8KD1U5EU7k3nVl0iQXh@d67c2","b1+8KD1U5EU7k3nVl0iQXh@0c748","b1+8KD1U5EU7k3nVl0iQXh@c694d","b1+8KD1U5EU7k3nVl0iQXh@3b42d","b1+8KD1U5EU7k3nVl0iQXh@a56aa","b1+8KD1U5EU7k3nVl0iQXh@22b1b","b1+8KD1U5EU7k3nVl0iQXh@8372b","b1+8KD1U5EU7k3nVl0iQXh@b4e1f","b1+8KD1U5EU7k3nVl0iQXh@50590","b1+8KD1U5EU7k3nVl0iQXh@5f668","b1+8KD1U5EU7k3nVl0iQXh@1f31e","b1+8KD1U5EU7k3nVl0iQXh@410d0","24SnFxKI5BE60Mt6MYWzMq","8aFrhkv3dA+YaCsudKo07K","edyRtJxqNOfK+qMlvxyE7V","189bEziU1GIIep7k6hc1pn","eeFGb7ODdIuotl+Apw1Olq","0exAmgNSlCPrECwtxFNfOm@9a420","9bIKUUbMNJ3rIWtrhjBGJJ","98cwUf7t5Pc4HeXjF4vT5n@74c03","98cwUf7t5Pc4HeXjF4vT5n@a925b","33+hHcDMRARZOr4ByZy48/@6c48a","a61cLycnNEwZdDvtsj9ZFy@fe5ee","a61cLycnNEwZdDvtsj9ZFy@f4069","4c1GNfT3JNI7kj3x6Elm18","12Y9dMgWdJKJGmTiZyQR9H@2e76e","efi73FbCNJsKKXtI383VFJ@b1faf","efi73FbCNJsKKXtI383VFJ@4620b","efi73FbCNJsKKXtI383VFJ@438fe","efi73FbCNJsKKXtI383VFJ@74c03","efi73FbCNJsKKXtI383VFJ@a925b"],["targetInfo","value","node","_parent","root","_effectAsset","_cpuMaterial","_mainTexture","target","data","source","asset","_mesh","mainTexture","gatlingGunWeaponMesh","machineGunWeaponMesh","pistolWeaponMesh","chainsawWeaponMesh","gatlingGunBulletRoot","machineGunBulletRoot","pistolBulletRoot","chainsawAttackEffectPrefab","bulletPrefab","pistolMuzzleFlashEffectPrefab","machineGunMuzzleFlashEffectPrefab","gatlingGunMuzzleFlashEffectPrefab","upgradeEffectPrefab","guidePrefab","maskTexture","_skeleton"],[["cc.Node",["_name","_objFlags","__editorExtras__","_mobility","_prefab","_children","_euler","_lpos","_lrot","_parent","_components","_lscale"],-1,4,2,5,5,5,1,12,5],["cc.RealKeyframeValue",["interpolationMode","rightTangentWeight","leftTangentWeight","value","rightTangent","leftTangent"],-3],["cc.CurveRange",["mode","constantMax","multiplier","constantMin","constant","spline"],-2,4],["cc.Node",["_name","_objFlags","_components","_prefab","_parent","_lrot","_euler","_lscale","_children","_lpos"],1,9,4,1,5,5,5,2,5],["cc.ParticleSystem",["duration","loop","_dataCulling","startSize3D","node","__prefab","_materials","startColor","startSizeX","startSizeY","startSizeZ","startSpeed","startRotationX","startRotationY","startRotationZ","startDelay","startLifetime","gravityModifier","rateOverTime","rateOverDistance","bursts","_velocityOvertimeModule","renderer","_colorOverLifetimeModule","_sizeOvertimeModule","_rotationOvertimeModule","_textureAnimationModule","_shapeModule","_forceOvertimeModule"],-1,1,4,3,4,4,4,4,4,4,4,4,4,4,4,4,4,9,4,4,4,4,4,4,4,4],["cc.GradientRange",["_mode","color","gradient"],2,5,4],["cc.Material",["_name","_states","_defines","_techIdx","_props"],-1,12],["cc.Node",["_name","_parent","_children","_prefab","_lrot","_euler","_lpos"],2,1,12,4,5,5,5],["cc.TargetOverrideInfo",["propertyPath","source","target","targetInfo","sourceInfo"],2,1,1,4,4],["cc.PrefabInstance",["fileId","prefabRootNode","propertyOverrides","mountedChildren","mountedComponents"],2,1,9,9,9],["cc.SkeletalAnimation.Socket",["path","target"],2,1],["cc.MeshRenderer",["_name","node","__prefab","_materials","bakeSettings","_mesh"],2,1,4,3,4,6],["cc.Gradient",["alphaKeys","colorKeys"],3,9,9],["cc.SizeOvertimeModule",["_enable","separateAxes","size","x","y","z"],1,4,4,4,4],["cc.ParticleSystemRenderer",["_renderMode","_alignSpace","_velocityScale","_cpuMaterial","_mainTexture"],0,6,6],["cc.ColorKey",["time","color"],2,5],["cc.ShapeModule",["_enable","radius","alignToDirection","length","emitFrom","arcSpeed","_position"],-2,4,5],["cc.Prefab",["_name"],2],["cc.Node",["_name","_parent","_children","_prefab","_lpos","_lrot","_euler"],2,1,9,4,5,5,5],["cc.RigidBody",["_group","_type","node","__prefab","_angularFactor"],1,1,4,5],["cc.CompPrefabInfo",["fileId"],2],["cc.CapsuleCollider",["_radius","_cylinderHeight","node","__prefab","_center"],1,1,4,5],["cc.PrefabInfo",["fileId","instance","root","asset","targetOverrides","nestedPrefabInstanceRoots"],1,1,1,9,2],["cc.PrefabInfo",["fileId","targetOverrides","nestedPrefabInstanceRoots","root","instance","asset"],0,1,4,6],["cc.PrefabInfo",["fileId","instance","targetOverrides","nestedPrefabInstanceRoots","root","asset"],-1,1,1],["cc.TargetInfo",["localID"],2],["cc.MountedChildrenInfo",["targetInfo","nodes"],3,4,2],["cc.MountedComponentsInfo",["targetInfo","components"],3,4,9],["86903rEPXFO2YPMWydMq5TH",["node","__prefab"],3,1,4],["CCPropertyOverrideInfo",["value","propertyPath","targetInfo"],1,4],["CCPropertyOverrideInfo",["propertyPath","targetInfo","value"],2,4,8],["CCPropertyOverrideInfo",["propertyPath","targetInfo","value"],2,4,6],["CCPropertyOverrideInfo",["propertyPath","targetInfo","value"],2,1,1],["CCPropertyOverrideInfo",["propertyPath","targetInfo","value"],2,4,4],["CCPropertyOverrideInfo",["value","propertyPath","targetInfo"],1,1],["CCPropertyOverrideInfo",["propertyPath","targetInfo","value"],2,1,8],["CCPropertyOverrideInfo",["propertyPath","targetInfo","value"],2,1,6],["f30b9l1T7pKHIiAyJ1lUckt",["chainsawIdleAnim","chainsawMoveAnim","chainsawAttackAnim","chainsawRunAttackAnim","chainsawAttackRange","chainsawAttackEffectRotationOffsetZ","pistolIdleAnim","pistolMoveAnim","pistolAttackAnim","pistolRunAttackAnim","pistolAttackRange","pistolAttackDamage","machineGunIdleAnim","machineGunMoveAnim","machineGunAttackAnim","machineGunRunAttackAnim","machineGunAttackRange","machineGunAttackDamage","gatlingGunIdleAnim","gatlingGunMoveAnim","gatlingGunAttackAnim","gatlingGunRunAttackAnim","gatlingGunAttackRange","gatlingGunAttackDamage","gatlingGunAngleOffsetRange","speed","bulletPoolKey","backpackOffset","goldStackSpacing","guideInterval","guideHeight","node","__prefab"],-28,1,4],["cc.Mesh",["_native","_hash","_struct"],1,11],["cc.ModelBakeSettings",[],3],["cc.Burst",["count"],3,4],["cc.ColorOvertimeModule",["_enable","color"],2,4],["cc.AlphaKey",["alpha","time"],1],["cc.VelocityOvertimeModule",["_enable","x","y","z","speedModifier"],2,4,4,4,4],["cc.RotationOvertimeModule",["_enable","x","y","z"],2,4,4,4],["cc.TextureAnimationModule",["_enable","_numTilesX","_numTilesY","cycleCount","frameOverTime","startFrame"],-1,4,4],["cc.RealCurve",["_times","_values"],2,9],["cc.ForceOvertimeModule",["_enable","x","y","z"],2,4,4,4],["cc.Skeleton",["_name","_hash","_joints","_bindposes"],0,12],["cc.SkeletalAnimation",["node","__prefab","_sockets"],3,1,4,9],["cc.SkinnedMeshRenderer",["node","__prefab","_materials","bakeSettings","_skinningRoot","_mesh","_skeleton"],3,1,4,3,4,1,6,6]],[[2,1],[24,0,1,2,3,4,5,5],[25,0,2],[2,4,2],[34,0,1,2,3],[2,0,3,1,4],[20,0,2],[0,0,9,5,4,7,8,6,2],[31,0,1,2,2],[35,0,1,2,2],[3,0,1,4,2,3,5,7,6,3],[40,0,1],[42,0,1,3],[43,0,1,2,3,4,2],[46,0,1,2],[17,0,2],[0,0,9,4,7,2],[18,0,1,2,3,4,5,6,2],[6,0,1,2,4,4],[5,1,1],[5,0,2,2],[2,0,2,5,3],[41,0,1,2],[44,0,1,2,3,2],[45,0,1,2,3,4,5,5],[14,0,1,3,4,3],[1,0,3,4,1,5,2,7],[0,1,2,9,4,3],[23,0,1,2,3,4,5,4],[30,0,1,2,2],[39,1],[8,0,1,2,3,2],[9,0,1,2,2],[29,0,1,2,3],[36,0,1,2,2],[38,0,1,2,3],[4,0,1,2,4,5,6,7,8,9,10,11,12,13,14,15,16,17,18,19,20,23,24,21,25,26,22,4],[2,0,1,2,4],[12,0,1],[13,0,1,2,3,4,5,3],[15,0,1,2],[0,0,5,4,2],[0,0,9,4,7,8,6,2],[0,0,9,4,7,8,11,6,2],[33,0,1,2,2],[11,1,2,3,4,5,1],[6,0,3,1,2,4,5],[0,0,3,5,4,3],[0,0,5,4,7,8,6,2],[3,0,4,2,3,5,6,2],[3,0,4,2,3,7,2],[10,0,1,2],[10,0,2],[4,0,1,2,4,5,6,7,8,9,10,11,12,13,14,15,16,17,18,19,20,23,27,24,21,28,22,4],[4,3,0,1,2,4,5,6,7,8,9,10,11,12,13,14,15,16,17,18,19,20,27,21,25,26,22,5],[5,1],[2,0,5,2],[12,1,1],[13,0,2,3,4,5,2],[14,0,2,3,4,3],[15,0,2],[16,0,2,1,3,5,6,5],[16,0,4,1,5,4],[1,0,3,1,2,5],[1,0,4,1,5,2,6],[1,0,3,4,1,5,6],[1,0,3,4,5,2,6],[1,0,1,3],[1,0,3,2,4],[1,4,1,5,2,5],[1,3,4,1,5,2,6],[47,0,1,2,3,2],[0,0,5,10,4,7,8,6,2],[0,0,9,5,4,6,2],[0,0,9,4,8,6,2],[0,0,5,4,8,6,2],[0,0,5,4,7,2],[3,0,8,2,3,2],[3,0,4,2,3,9,2],[7,0,1,2,3,4,5,2],[7,0,1,2,3,6,4,5,2],[19,0,1,2,3,4,3],[21,0,1,2,3,4,3],[22,0,1,2,3,4,5,3],[8,0,1,4,2,3,2],[9,0,1,3,4,2,2],[26,0,1,1],[27,0,1,1],[28,0,1,1],[32,0,1,2,2],[37,0,1,2,3,4,5,6,7,8,9,10,11,12,13,14,15,16,17,18,19,20,21,22,23,24,25,26,27,28,29,30,31,32,32],[11,0,1,2,3,4,5,2],[48,0,1,2,3,4],[49,0,1,2,1],[50,0,1,2,3,4,5,6,1]],[[[[46,"arrowmat",1,[{"rasterizerState":{},"depthStencilState":{},"blendState":{"targets":[{}]}},{"rasterizerState":{},"depthStencilState":{},"blendState":{"targets":[{}]}},{"rasterizerState":{},"depthStencilState":{},"blendState":{"targets":[{}]}},{"rasterizerState":{},"depthStencilState":{},"blendState":{"targets":[{}]}},{"rasterizerState":{},"depthStencilState":{},"blendState":{"targets":[{}]}}],[{"USE_ALBEDO_MAP":true},{},{},{},{}],[[[{},"mainTexture",6,0],{},{},{},{}],11,0,0,0,0]]],0,0,[0,0],[13,5],[11,12]],[[[15,"Player"],[72,"Player",[-20],[[[81,8,4,-17,[6,"aaEI2fawpK/Kj2rDUa1xXc"],[1,0,1,0]],[82,0.15,0.25,-18,[6,"853g/siWdDfq6fpqASumnr"],[1,0,0.1,0]],-19],4,4,1],[83,"e6fWOQGlRB6YSdDC8U8uvH",null,-16,0,[[31,["anim"],-7,-6,[2,["90OWekum1a/65sj5XnAtvp"]]],[84,["_sockets","0","target"],-9,[2,["90OWekum1a/65sj5XnAtvp"]],-8,[2,["adUbC7k5JIxZkz5gfV05tg"]]],[31,["pistolBulletRoot"],-11,-10,[2,["42dRqRXRJPDZivr+2ZRTGl"]]],[31,["machineGunBulletRoot"],-13,-12,[2,["49ucVXHlRNgJEOiJ6acL+w"]]],[31,["gatlingGunBulletRoot"],-15,-14,[2,["98433YT3tNAbM+JakV0Z5a"]]]],[-1,-2,-3,-4,-5]],[1,3.1730000972747803,0.20499999821186066,-3.1600000858306885],[3,0,0.06439296901226044,0,0.9979246258735657],[1,0,7.3839996693793175,0]],[27,0,{},1,[28,"d6JBFTDZVUwqiOzbPkUuDW",null,null,-32,[85,"f6IyH3nSpM8pa9UNz4OYAR",1,[[86,[2,["d6JBFTDZVUwqiOzbPkUuDW"]],[-30,-31]]],[[87,[2,["d6JBFTDZVUwqiOzbPkUuDW"]],[[88,-29,[6,"57wpiJOQNMJ6nEtNnYWBRq"]]]]],[[33,"李警官减面版_skin03_朱浩_0109",["_name"],[2,["d6JBFTDZVUwqiOzbPkUuDW"]]],[29,["_lpos"],[2,["d6JBFTDZVUwqiOzbPkUuDW"]],[1,0,-0.15,0]],[29,["_lrot"],[2,["d6JBFTDZVUwqiOzbPkUuDW"]],[3,0,0,0,1]],[29,["_euler"],[2,["d6JBFTDZVUwqiOzbPkUuDW"]],[1,0,0,0]],[29,["_lscale"],[2,["d6JBFTDZVUwqiOzbPkUuDW"]],[1,0.6,0.6,0.6]],[33,14,["_clips","length"],[2,["90OWekum1a/65sj5XnAtvp"]]],[8,["_clips","0"],[2,["90OWekum1a/65sj5XnAtvp"]],9],[8,["_clips","1"],[2,["90OWekum1a/65sj5XnAtvp"]],10],[8,["_clips","2"],[2,["90OWekum1a/65sj5XnAtvp"]],11],[8,["_clips","3"],[2,["90OWekum1a/65sj5XnAtvp"]],12],[8,["_clips","4"],[2,["90OWekum1a/65sj5XnAtvp"]],13],[8,["_clips","5"],[2,["90OWekum1a/65sj5XnAtvp"]],14],[8,["_clips","6"],[2,["90OWekum1a/65sj5XnAtvp"]],15],[8,["_clips","7"],[2,["90OWekum1a/65sj5XnAtvp"]],16],[8,["_clips","8"],[2,["90OWekum1a/65sj5XnAtvp"]],17],[8,["_clips","9"],[2,["90OWekum1a/65sj5XnAtvp"]],18],[8,["_clips","10"],[2,["90OWekum1a/65sj5XnAtvp"]],19],[8,["_clips","11"],[2,["90OWekum1a/65sj5XnAtvp"]],20],[8,["_defaultClip"],[2,["90OWekum1a/65sj5XnAtvp"]],21],[33,false,["_enabled"],[2,["e27DEY1bBUNokLvKfJ1Y6L"]]],[8,["_materials","0"],[2,["4fxii5ccRRTKwnA11ms9M3"]],22],[89,["_skinningRoot"],-22,-21],[8,["_clips","12"],[2,["90OWekum1a/65sj5XnAtvp"]],23],[33,2,["_sockets","length"],[2,["90OWekum1a/65sj5XnAtvp"]]],[44,["_sockets","1"],[2,["90OWekum1a/65sj5XnAtvp"]],[51,"c002001ljg_root/tx",-23]],[44,["_sockets","2"],[2,["90OWekum1a/65sj5XnAtvp"]],[52,"c002001ljg_root/tx"]],[44,["_sockets","3"],[2,["90OWekum1a/65sj5XnAtvp"]],[52,"c002001ljg_root/tx"]],[8,["_clips","13"],[2,["90OWekum1a/65sj5XnAtvp"]],24],[4,null,["_clips","14"],-24],[4,false,["playOnLoad"],-25],[4,1,["_shadowCastingMode"],-26],[4,true,["bakeSettings","_castShadow"],-27],[4,true,["bakeSettings","_receiveShadow"],-28]]],0]],[2,["cb63m0/QpWTrofIkOjI5qa"]],[2,["dcqYaG0SdRQIdjSWGTXUyP"]],[2,["6eZBNxa2RV+KFKBoz5M1jo"]],[2,["abgxfUzJlV+bZxzrLF4dr0"]],[7,"bone_l_qiang Socket",2,[-33,-34,-35,-36],[1,"adUbC7k5JIxZkz5gfV05tg",null,null,null,1,0],[1,-0.20637308061122894,0.3496102094650269,0.06592172384262078],[3,-0.377782709321284,0.6549363644980855,0.46256366557419304,-0.46300479294113944],[1,-41.77690535857819,-138.04070689701476,-67.39633851224235]],[73,"tx Socket",2,[-37,-38,-39],[1,"537U148a1AXI6K9fUUY6t/",null,null,null,1,0],[1,0.000009659346310548713,0,0]],[90,"C_idle","C_run","C_idleattack","C_runattack",0.8,-180,"PM_idle","PM_run","P_idleattack","P_runattack",2,10,"PM_idle","PM_run","M_idleattack","M_runattack",2,10,"G_idle","G_run","G_idleattack","G_runattack",5,10,10,2,"Bullet",-0.2,0.1,0.5,0,1,[6,"76VR+4ZMJEp5u8fI9+PATf"]],[27,0,{},7,[28,"cb63m0/QpWTrofIkOjI5qa",null,null,-44,[32,"078/RoZqhOpbzwd5dKm2bD",1,[[4,"手枪",["_name"],3],[9,["_lpos"],3,[1,0.122,-0.037,0.032]],[9,["_lrot"],3,[3,0,0,0,1]],[9,["_euler"],3,[1,0,0,0]],[9,["_lscale"],3,[1,1,1,1]],[4,2,["_mobility"],3],[34,["_materials","0"],-40,2],[29,["_lpos"],[2,["1di4bBvIVcOb8CXgOagXu4"]],[1,0,0,0]],[4,1,["_shadowCastingMode"],-41],[4,true,["bakeSettings","_castShadow"],-42],[4,true,["bakeSettings","_receiveShadow"],-43]]],1]],[2,["03LpialCRYHJ9P2Un+GYj7"]],[27,0,{},7,[28,"dcqYaG0SdRQIdjSWGTXUyP",null,null,-49,[32,"551JjUZmxI/LveexLDzLa+",1,[[4,"步枪",["_name"],4],[9,["_lpos"],4,[1,0.174,-0.054,-0.048]],[9,["_lrot"],4,[3,0,0,0,1]],[9,["_euler"],4,[1,0,0,0]],[9,["_lscale"],4,[1,1,1,1]],[4,2,["_mobility"],4],[34,["_materials","0"],-45,4],[4,1,["_shadowCastingMode"],-46],[4,true,["bakeSettings","_castShadow"],-47],[4,true,["bakeSettings","_receiveShadow"],-48]]],3]],[2,["57WMzvBTlecasFBmt2+03O"]],[27,0,{},7,[28,"6eZBNxa2RV+KFKBoz5M1jo",null,null,-54,[32,"201IPzaihKu405uVBvy1Rr",1,[[4,"加特林",["_name"],5],[9,["_lpos"],5,[1,0,0,0]],[9,["_lrot"],5,[3,0,0,0,1]],[9,["_euler"],5,[1,0,0,0]],[9,["_lscale"],5,[1,1,1,1]],[4,2,["_mobility"],5],[34,["_materials","0"],-50,6],[4,1,["_shadowCastingMode"],-51],[4,true,["bakeSettings","_castShadow"],-52],[4,true,["bakeSettings","_receiveShadow"],-53]]],5]],[2,["57dhqwahdVL5oWjyOdMVNu"]],[27,0,{},7,[28,"abgxfUzJlV+bZxzrLF4dr0",null,null,-59,[32,"97mZu/PqhGCrsYyrDmwIZV",1,[[4,"电锯",["_name"],6],[9,["_lpos"],6,[1,0,0,0]],[9,["_lrot"],6,[3,0,0,0,1]],[9,["_euler"],6,[1,0,0,0]],[9,["_lscale"],6,[1,1,1,1]],[4,2,["_mobility"],6],[34,["_materials","0"],-55,8],[4,1,["_shadowCastingMode"],-56],[4,true,["bakeSettings","_castShadow"],-57],[4,true,["bakeSettings","_receiveShadow"],-58]]],7]],[2,["b5mZlkaaZT26peZn62/LVr"]],[2,["4fxii5ccRRTKwnA11ms9M3"]],[16,"P",8,[1,"42dRqRXRJPDZivr+2ZRTGl",null,null,null,1,0],[1,-0.25,0.42,0.2]],[16,"M",8,[1,"49ucVXHlRNgJEOiJ6acL+w",null,null,null,1,0],[1,0,0.5,0.6]],[16,"G",8,[1,"98433YT3tNAbM+JakV0Z5a",null,null,null,1,0],[1,-0.237,0.34,0.754]],[2,["90OWekum1a/65sj5XnAtvp"]]],0,[0,-1,2,0,-2,16,0,-3,14,0,-4,12,0,-5,10,0,8,2,0,10,9,0,8,2,0,10,2,0,8,2,0,10,9,0,8,2,0,10,9,0,8,2,0,10,9,0,4,1,0,2,1,0,2,1,0,-3,9,0,-1,2,0,1,2,0,0,18,0,8,8,0,0,22,0,0,22,0,0,18,0,0,18,0,0,18,0,2,2,0,-1,7,0,-2,8,0,4,2,0,-1,10,0,-2,12,0,-3,14,0,-4,16,0,-1,19,0,-2,20,0,-3,21,0,0,11,0,0,11,0,0,11,0,0,11,0,4,10,0,0,13,0,0,13,0,0,13,0,0,13,0,4,12,0,0,15,0,0,15,0,0,15,0,0,15,0,4,14,0,0,17,0,0,17,0,0,17,0,0,17,0,4,16,0,9,1,9,14,14,9,15,12,9,16,10,9,17,16,9,18,21,9,19,20,9,20,19,59],[0,0,0,0,0,0,0,0,0,0,0,0,0,0,0,0,0,0,0,0,0,0,0,0,0,9,9,9,9,9,9,9],[11,11,1,11,1,11,1,11,1,1,1,1,1,1,1,1,1,1,1,1,1,1,1,1,1,21,22,23,24,25,26,27],[13,14,1,15,1,16,1,17,1,7,18,19,20,21,22,23,24,25,26,27,28,7,1,29,30,31,32,8,8,33,34,35]],[[[18,"material",[{"rasterizerState":{},"depthStencilState":{},"blendState":{"targets":[{}]}},{"rasterizerState":{},"depthStencilState":{},"blendState":{"targets":[{}]}},{"rasterizerState":{},"depthStencilState":{},"blendState":{"targets":[{}]}},{"rasterizerState":{},"depthStencilState":{},"blendState":{"targets":[{}]}},{"rasterizerState":{},"depthStencilState":{},"blendState":{"targets":[{}]}},{"rasterizerState":{},"depthStencilState":{},"blendState":{"targets":[{}]}},{"rasterizerState":{},"depthStencilState":{},"blendState":{"targets":[{}]}}],[{"USE_OUTLINE_PASS":true},{"USE_BASE_COLOR_MAP":true,"BASE_COLOR_MAP_AS_SHADE_MAP_1":true,"BASE_COLOR_MAP_AS_SHADE_MAP_2":true},{},{},{},{},{}],[[{},[{},"specular",8,[4,1275068416],"mainTexture",6,0],{},{},{},{},{}],0,11,0,0,0,0,0]]],0,0,[0,0],[13,5],[36,37]],[[[18,"Material #4",[{"rasterizerState":{},"blendState":{"targets":[{}]},"depthStencilState":{}}],[{}],[[[{"albedoScale":1,"metallic":0,"roughness":0,"emissiveScale":1,"alphaSource":1},"mainColor",8,[4,4290559164],"emissive",8,[4,4278190080]]],11]]],0,0,[0],[5],[2]],[[[35,".bin",3316648312,[{"primitives":[{"primitiveMode":7,"vertexBundelIndices":[0],"indexView":{"offset":28176,"length":4164,"count":2082,"stride":2}}],"vertexBundles":[{"view":{"offset":0,"length":28176,"count":587,"stride":48},"attributes":[{"name":"a_position","format":32,"isNormalized":false},{"name":"a_normal","format":32,"isNormalized":false},{"name":"a_texCoord","format":21,"isNormalized":false},{"name":"a_tangent","format":44,"isNormalized":false}]}]},"minPosition",8,[1,-0.31255942583084106,-0.13096801936626434,-0.10214941948652267],"maxPosition",8,[1,0.5394502282142639,0.1993952989578247,0.11014878749847412]]],-1],0,0,[],[],[]],[[[15,"电锯"],[41,"电锯",[-2],[1,"abgxfUzJlV+bZxzrLF4dr0",null,null,null,-1,0]],[49,"DJ",1,[[45,-3,[6,"b5mZlkaaZT26peZn62/LVr"],[0],[30],1]],[1,"58CEzQ9m9bcqojFi5QLdFP",null,null,null,1,0],[3,-0.7071067513842227,-7.902535317037892e-8,2.634178853495883e-8,0.707106810988866],[1,-89.99999517032673,-0.000004268868914951538,0.000008537737937854453]]],0,[0,4,1,0,-1,2,0,2,2,0,9,1,3],[0,0],[-1,12],[38,39]],[[[46,"M_POP_Tex-Shoot",2,[{"rasterizerState":{},"depthStencilState":{},"blendState":{"targets":[{}]}},{"rasterizerState":{},"depthStencilState":{},"blendState":{"targets":[{}]}}],[{},{}],[[[{"channelMode":3},"tintColor",8,[4,2298478591],"pivotOffset",8,[2,1.5,0.5,0,0],"mainTexture",6,0,"maskTexture",6,1],{}],11,0]]],0,0,[0,0,0],[13,28,5],[0,40,9]],[[[15,"加特林"],[41,"加特林",[-2],[1,"6eZBNxa2RV+KFKBoz5M1jo",null,null,null,-1,0]],[49,"JTL",1,[[45,-3,[6,"57dhqwahdVL5oWjyOdMVNu"],[0],[30],1]],[1,"80AkjQT3RZoqGcT5FzSSgs",null,null,null,1,0],[3,-0.7071066023725835,2.1073401162806914e-8,-1.0536714436987041e-7,0.7071069600004583],[1,-89.99997102196166,-0.000006830190321496174,-0.000010245285482245073]]],0,[0,4,1,0,-1,2,0,2,2,0,9,1,3],[0,0],[-1,12],[41,42]],[[[35,".bin",2267033085,[{"primitives":[{"primitiveMode":7,"vertexBundelIndices":[0],"indexView":{"offset":53088,"length":4656,"count":2328,"stride":2}}],"vertexBundles":[{"view":{"offset":0,"length":53088,"count":1106,"stride":48},"attributes":[{"name":"a_position","format":32,"isNormalized":false},{"name":"a_normal","format":32,"isNormalized":false},{"name":"a_texCoord","format":21,"isNormalized":false},{"name":"a_tangent","format":44,"isNormalized":false}]}]},"minPosition",8,[1,-0.462352454662323,-0.18199214339256287,-0.16348309814929962],"maxPosition",8,[1,0.4623523950576782,0.18199218809604645,0.16348309814929962]]],-1],0,0,[],[],[]],[[[18,"Material #5",[{"rasterizerState":{},"blendState":{"targets":[{}]},"depthStencilState":{}}],[{}],[[[{"albedoScale":1,"metallic":0,"roughness":0,"emissiveScale":1,"alphaSource":1},"mainColor",8,[4,4290559164],"emissive",8,[4,4278190080]]],11]]],0,0,[0],[5],[2]],[[[15,"NS_Shoot"],[47,"NS_Shoot",2,[-2,-3,-4,-5],[1,"ffS9jkyYhJ6qEOSpne3Y6Y",null,null,null,-1,0]],[10,"NS_Sprite_Shoot",512,1,[[36,0.2,false,true,-6,[6,"d5xCM1yrVKa5ndOk53AS8A"],[0],[19,[4,4282878463]],[5,3,0.85,1.2],[3,5],[3,5],[0],[0],[0],[0],[0],[5,3,0.4,0.6],[0],[0],[0],[[11,[3,1]]],[22,true,[20,1,[38,[[12,255,0.095],[12,0,0.1]]]]],[39,true,true,[0],[3,1],[3,1.2],[0]],[13,true,[0],[0],[3,0.001],[3,1]],[23,true,[0],[0],[0]],[24,true,4,4,1,[37,3,15,0.99],[0]],[25,1,1,1,2]]],[1,"22WnW4KhhJqpAvTraM+bo+",null,null,null,1,0],[3,0,-1,0,6.123233995736766e-17],[1,0.3,0.3,0.3],[1,0,-180,0]],[10,"NS_POP",512,1,[[53,0.2,false,true,-7,[6,"85/+zbtjtJL7G9XuqKJhjl"],[3],[55],[5,3,0.07,0.05],[0],[0],[5,3,2,4],[0],[0],[0],[0],[5,3,0.1,0.5],[0],[0],[0],[[11,[5,3,2,3]]],[22,true,[20,1,[57,[[60,0.04460093896713615],[40,0.30281690140845074,[4,4283478513]],[40,0.8474178403755869,[4,4281686763]]]]]],[61,true,true,0.1,1,[3,1],[1,0,0,-0.2]],[58,true,[21,1,0.7,[14,[0,0.3024390243902439,1],[[63,2,1,0.10081300813008129,1],[26,2,0.9734848484848485,-0.1941287878787877,0.2368611849222019,-0.1941287878787877,0.10269505919703857],[64,2,-1.8946969696969698,1,-1.8946969696969698,0.49815148214523075]]]],[0],[0],[0]],[13,true,[0],[0],[0],[56,1,[14,[0,0.20632876443899542,0.9978920869184279],[[65,2,1,-3.0677012918767437,0.22191179750821782,-3.0677012918767437],[26,2,0.5057450557568569,-1.4753787878787872,0.4702788194073673,-1.4753787878787872,0.122582799119868],[66,2,0.06459458429298844,-0.07575757575757582,-0.07575757575757582,0.2646105156206908]]]]],[71,true,[0],[0],[21,1,50,[14,[0,1],[[67,2,0.006666666666666666],[68,2,1,0.006666666666666666]]]]],[59,1,0.1,4,5]]],[1,"48l9Kd2NVA87cSij00+aYs",null,null,null,1,0],[3,0,-1,0,6.123233995736766e-17],[1,0.3,0.3,0.3],[1,0,-180,0]],[10,"NS_Sprite_Shoot02",512,1,[[36,0.2,false,true,-8,[6,"93KTwbEFtKKY3p1fBtpNUS"],[6],[19,[4,4282872831]],[5,3,1,1.5],[3,5],[3,5],[0],[0],[0],[0],[0],[5,3,0.7,0.8],[0],[0],[0],[[11,[3,1]]],[22,true,[20,1,[38,[[12,255,0.095],[12,0,0.1]]]]],[39,true,true,[0],[3,1],[3,1.2],[0]],[13,true,[0],[0],[3,0.001],[3,1]],[23,true,[0],[0],[0]],[24,true,4,4,1,[37,3,15,0.99],[0]],[25,1,1,7,8]]],[1,"56SQ6bEq5FkJeiFIECsvu/",null,null,null,1,0],[3,0,-1,0,6.123233995736766e-17],[1,0.3,0.3,0.3],[1,0,-180,0]],[10,"NS_Sprite_Shoot03",512,1,[[54,true,0.2,false,true,-9,[6,"47rH4MrndPnYpp3+rGbvdn"],[9],[19,[4,4282872831]],[5,3,0.5,0.65],[3,1.2],[0],[0],[0],[0],[0],[0],[5,3,0.7,0.8],[0],[0],[0],[[11,[3,1]]],[62,true,0,0,[0]],[13,true,[0],[0],[3,0.001],[3,1]],[23,true,[0],[0],[0]],[24,true,8,2,1,[21,1,0.99,[14,[0,0.08292682926829269,0.3804878048780488],[[69,1,0.21019606907887475,1,1],[70,0.6249999999999999,7.5367647058823515,0.16019616665590705,7.5367647058823515,0.21019606907887475],[26,2,1,0.33884297520661183,1,0.33884297520661183,0.10567575069831822]]]],[0]],[25,1,0,10,11]]],[1,"49Bw55vaZErYHu9cKJ3ssa",null,null,null,1,0],[3,0,-1,0,6.123233995736766e-17],[1,0.3,0.3,0.3],[1,0,-180,0]]],0,[0,4,1,0,-1,2,0,-2,3,0,-3,4,0,-4,5,0,2,2,0,2,3,0,2,4,0,2,5,0,9,1,9],[0,0,0,0,0,0,0,0,0,0,0,0],[-1,6,7,-1,6,7,-1,6,7,-1,6,7],[3,3,0,4,4,10,5,5,0,6,6,0]],[[[18,"M_POP_Tex-ShootFire",[{"priority":125,"rasterizerState":{},"depthStencilState":{},"blendState":{"targets":[{}]}},{"rasterizerState":{},"depthStencilState":{},"blendState":{"targets":[{}]}}],[{},{}],[[[{"channelMode":2},"tintColor",8,[4,2164260863],"pivotOffset",8,[2,1.5,0.5,0,0],"mainTexture",6,0],{}],11,0]]],0,0,[0,0],[13,5],[0,9]],[[[15,"NS_Shoot-001"],[47,"NS_Shoot-001",2,[-2,-3,-4,-5],[1,"ffS9jkyYhJ6qEOSpne3Y6Y",null,null,null,-1,0]],[10,"NS_Sprite_Shoot",512,1,[[36,0.2,false,true,-6,[6,"d5xCM1yrVKa5ndOk53AS8A"],[0],[19,[4,4282878463]],[5,3,0.85,1.2],[3,5],[3,5],[0],[0],[0],[0],[0],[5,3,0.4,0.6],[0],[0],[0],[[11,[3,1]]],[22,true,[20,1,[38,[[12,255,0.095],[12,0,0.1]]]]],[39,true,true,[0],[3,1],[3,1.2],[0]],[13,true,[0],[0],[3,0.001],[3,1]],[23,true,[0],[0],[0]],[24,true,4,4,1,[37,3,15,0.99],[0]],[25,1,1,1,2]]],[1,"22WnW4KhhJqpAvTraM+bo+",null,null,null,1,0],[3,0,-1,0,6.123233995736766e-17],[1,0.5,0.5,0.5],[1,0,-180,0]],[10,"NS_POP",512,1,[[53,0.2,false,true,-7,[6,"85/+zbtjtJL7G9XuqKJhjl"],[3],[55],[5,3,0.07,0.05],[0],[0],[5,3,2,4],[0],[0],[0],[0],[5,3,0.1,0.5],[0],[0],[0],[[11,[5,3,2,3]]],[22,true,[20,1,[57,[[60,0.04460093896713615],[40,0.30281690140845074,[4,4283478513]],[40,0.8474178403755869,[4,4281686763]]]]]],[61,true,true,0.1,1,[3,1],[1,0,0,-0.2]],[58,true,[21,1,0.7,[14,[0,0.3024390243902439,1],[[63,2,1,0.10081300813008129,1],[26,2,0.9734848484848485,-0.1941287878787877,0.2368611849222019,-0.1941287878787877,0.10269505919703857],[64,2,-1.8946969696969698,1,-1.8946969696969698,0.49815148214523075]]]],[0],[0],[0]],[13,true,[0],[0],[0],[56,1,[14,[0,0.20632876443899542,0.9978920869184279],[[65,2,1,-3.0677012918767437,0.22191179750821782,-3.0677012918767437],[26,2,0.5057450557568569,-1.4753787878787872,0.4702788194073673,-1.4753787878787872,0.122582799119868],[66,2,0.06459458429298844,-0.07575757575757582,-0.07575757575757582,0.2646105156206908]]]]],[71,true,[0],[0],[21,1,50,[14,[0,1],[[67,2,0.006666666666666666],[68,2,1,0.006666666666666666]]]]],[59,1,0.1,4,5]]],[1,"48l9Kd2NVA87cSij00+aYs",null,null,null,1,0],[3,0,-1,0,6.123233995736766e-17],[1,0.5,0.5,0.5],[1,0,-180,0]],[10,"NS_Sprite_Shoot02",512,1,[[36,0.2,false,true,-8,[6,"93KTwbEFtKKY3p1fBtpNUS"],[6],[19,[4,4282872831]],[5,3,1,1.5],[3,5],[3,5],[0],[0],[0],[0],[0],[5,3,0.7,0.8],[0],[0],[0],[[11,[3,1]]],[22,true,[20,1,[38,[[12,255,0.095],[12,0,0.1]]]]],[39,true,true,[0],[3,1],[3,1.2],[0]],[13,true,[0],[0],[3,0.001],[3,1]],[23,true,[0],[0],[0]],[24,true,4,4,1,[37,3,15,0.99],[0]],[25,1,1,7,8]]],[1,"56SQ6bEq5FkJeiFIECsvu/",null,null,null,1,0],[3,0,-1,0,6.123233995736766e-17],[1,0.5,0.5,0.5],[1,0,-180,0]],[10,"NS_Sprite_Shoot03",512,1,[[54,true,0.2,false,true,-9,[6,"47rH4MrndPnYpp3+rGbvdn"],[9],[19,[4,4282872831]],[5,3,0.5,0.65],[3,1.2],[0],[0],[0],[0],[0],[0],[5,3,0.7,0.8],[0],[0],[0],[[11,[3,1]]],[62,true,0,0,[0]],[13,true,[0],[0],[3,0.001],[3,1]],[23,true,[0],[0],[0]],[24,true,8,2,1,[21,1,0.99,[14,[0,0.08292682926829269,0.3804878048780488],[[69,1,0.21019606907887475,1,1],[70,0.6249999999999999,7.5367647058823515,0.16019616665590705,7.5367647058823515,0.21019606907887475],[26,2,1,0.33884297520661183,1,0.33884297520661183,0.10567575069831822]]]],[0]],[25,1,0,10,11]]],[1,"49Bw55vaZErYHu9cKJ3ssa",null,null,null,1,0],[3,0,-1,0,6.123233995736766e-17],[1,0.5,0.5,0.5],[1,0,-180,0]]],0,[0,4,1,0,-1,2,0,-2,3,0,-3,4,0,-4,5,0,2,2,0,2,3,0,2,4,0,2,5,0,9,1,9],[0,0,0,0,0,0,0,0,0,0,0,0],[-1,6,7,-1,6,7,-1,6,7,-1,6,7],[3,3,0,4,4,10,5,5,0,6,6,0]],[[[15,"Guide"],[41,"Guide",[-2],[1,"60tQGPOZ5CTIONgRrucavF",null,null,null,-1,0]],[50,"Plane",1,[[91,"Plane<ModelComponent>",-3,[6,"ea9woxLJRIHJpFuRE1vsgc"],[0],[30],1]],[1,"7dCYn3eCVNbZKYr/kOst/a",null,null,null,1,0],[1,0.03,0.03,0.03]]],0,[0,4,1,0,-1,2,0,2,2,0,9,1,3],[0,0],[-1,12],[43,44]],[[[92,"Skin-0",529402541,["c002001ljg_root/Bip001/Bip001 Pelvis/Bip001 Spine/Bip001 Spine1/Bip001 Neck/Bip001 Head","c002001ljg_root/Bip001/Bip001 Pelvis/Bip001 Spine/Bip001 Spine1/Bip001 Neck","c002001ljg_root/Bip001/Bip001 Pelvis/Bip001 Spine/Bip001 Spine1","c002001ljg_root/Bip001/Bip001 Pelvis/Bip001 Spine/Bip001 Spine1/Bip001 R Clavicle","c002001ljg_root/Bip001/Bip001 Pelvis/Bip001 Spine/Bip001 Spine1/Bip001 R Clavicle/Bip001 R UpperArm","c002001ljg_root/Bip001/Bip001 Pelvis/Bip001 Spine","c002001ljg_root/Bip001/Bip001 Pelvis","c002001ljg_root/Bip001/Bip001 Pelvis/Bip001 R Thigh","c002001ljg_root/Bip001/Bip001 Pelvis/Bip001 L Thigh","c002001ljg_root/Bip001/Bip001 Pelvis/Bip001 R Thigh/Bip001 R Calf","c002001ljg_root/Bip001/Bip001 Pelvis/Bip001 R Thigh/Bip001 R Calf/Bip001 R Foot","c002001ljg_root/Bip001/Bip001 Pelvis/Bip001 R Thigh/Bip001 R Calf/Bip001 R Foot/Bip001 R Toe0","c002001ljg_root/Bip001/Bip001 Pelvis/Bip001 Spine/Bip001 Spine1/Bip001 L Clavicle","c002001ljg_root/Bip001/Bip001 Pelvis/Bip001 Spine/Bip001 Spine1/Bip001 L Clavicle/Bip001 L UpperArm","c002001ljg_root/Bip001/Bip001 Pelvis/Bip001 Spine/Bip001 Spine1/Bip001 L Clavicle/Bip001 L UpperArm/Bip001 L Forearm","c002001ljg_root/Bip001/Bip001 Pelvis/Bip001 Spine/Bip001 Spine1/Bip001 L Clavicle/Bip001 L UpperArm/Bip001 L Forearm/Bip001 L Hand/Bip001 L Finger0","c002001ljg_root/Bip001/Bip001 Pelvis/Bip001 Spine/Bip001 Spine1/Bip001 L Clavicle/Bip001 L UpperArm/Bip001 L Forearm/Bip001 L Hand","c002001ljg_root/Bip001/Bip001 Pelvis/Bip001 Spine/Bip001 Spine1/Bip001 L Clavicle/Bip001 L UpperArm/Bip001 L Forearm/Bip001 L Hand/Bip001 L Finger1","c002001ljg_root/Bip001/Bip001 Pelvis/Bip001 L Thigh/Bip001 L Calf","c002001ljg_root/Bip001/Bip001 Pelvis/Bip001 L Thigh/Bip001 L Calf/Bip001 L Foot","c002001ljg_root/Bip001/Bip001 Pelvis/Bip001 L Thigh/Bip001 L Calf/Bip001 L Foot/Bip001 L Toe0","c002001ljg_root/Bip001/Bip001 Pelvis/Bip001 Spine/Bip001 Spine1/Bip001 R Clavicle/Bip001 R UpperArm/Bip001 R Forearm","c002001ljg_root/Bip001/Bip001 Pelvis/Bip001 Spine/Bip001 Spine1/Bip001 R Clavicle/Bip001 R UpperArm/Bip001 R Forearm/Bip001 R Hand","c002001ljg_root/Bip001/Bip001 Pelvis/Bip001 Spine/Bip001 Spine1/Bip001 R Clavicle/Bip001 R UpperArm/Bip001 R Forearm/Bip001 R Hand/Bip001 R Finger0","c002001ljg_root/Bip001/Bip001 Pelvis/Bip001 Spine/Bip001 Spine1/Bip001 R Clavicle/Bip001 R UpperArm/Bip001 R Forearm/Bip001 R Hand/Bip001 R Finger1"],[[[7,-1.3664747555708345e-8,-0.000001402761540703068,1,0,0.9999502897262573,0.009970476850867271,2.7650269629475588e-8,0,-0.009970475919544697,0.9999503493309021,0.0000014025556538399542,0,-0.014557563699781895,-0.02480848878622055,-6.494548898672292e-8,1],[7,1.6925612555951375e-7,-0.000001413181848874956,1,0,0.9923491477966309,-0.12346289306879044,-3.424367207571777e-7,0,0.12346288561820984,0.9923492074012756,0.000001381472998218669,0,0.026041952893137932,-0.022645656019449234,-5.894671772921356e-8,1],[7,1.0916177961561857e-9,-0.0000014026936696609482,1,0,0.9999996423721313,-0.0007962742238305509,-2.2085464568277757e-9,0,0.0007962742238305509,0.9999997019767761,0.0000014026923054188956,0,0.15893711149692535,-0.030236374586820602,-4.3387384351945e-8,1],[7,-0.9823625683784485,0.07697182893753052,0.17040890455245972,0,-0.17091597616672516,-4.3068205002327886e-8,-0.9852855801582336,0,-0.07583922147750854,-0.9970332980155945,0.013155755586922169,0,-0.04885760322213173,0.010047001764178276,-0.05446077510714531,1],[7,-0.47126540541648865,0.20099346339702606,0.8587843775749207,0,-0.8773275017738342,-0.006825850810855627,-0.4798436164855957,0,-0.09058348834514618,-0.9795688390731812,0.17955388128757477,0,-0.13447824120521545,0.026622235774993896,0.08057569712400436,1],[7,1.0916177961561857e-9,-0.0000014026936696609482,1,0,0.9999996423721313,-0.0007962742238305509,-2.2085464568277757e-9,0,0.0007962742238305509,0.9999997019767761,0.0000014026923054188956,0,0.22737367451190948,-0.030334675684571266,-4.366003381051087e-8,1],[7,0.0000013868000223737909,0.0000027577070795814507,1,0,1,4.370756556681954e-8,-0.0000013868002497474663,0,-4.371138828673793e-8,1,-0.0000027577070795814507,0,0.27164074778556824,-0.024091020226478577,-3.0639074566352065e-7,1],[7,-0.12354554235935211,-0.0010380016174167395,-0.9923384189605713,0,-0.9922676086425781,0.01211611833423376,0.12352406978607178,0,0.011895070783793926,0.9999260902404785,-0.002526867901906371,0,-0.27768251299858093,-0.02086411975324154,-0.02948271855711937,1],[7,0.12354541569948196,0.001040756469592452,-0.9923384189605713,0,-0.9922676682472229,0.012116119265556335,-0.12352390587329865,0,0.011894731782376766,0.9999260902404785,0.0025295999366790056,0,-0.27768248319625854,-0.020864121615886688,0.02948269061744213,1],[7,-0.12340749055147171,-0.005930955521762371,-0.9923384189605713,0,-0.9919688105583191,-0.027198564261198044,0.12352409213781357,0,-0.027722792699933052,0.9996125102043152,-0.00252681621350348,0,-0.37613558769226074,-0.035791486501693726,-0.029482711106538773,1],[7,4.371138828673793e-8,-0.4087161123752594,-0.9126616716384888,0,-1,2.2028157076192656e-8,-5.775925870921128e-8,0,4.371138828673793e-8,0.912661612033844,-0.4087161123752594,0,-0.471542626619339,-0.05664614960551262,-0.0715620368719101,1],[7,-0.408716082572937,3.9893716774486165e-8,-0.9126616716384888,0,8.741528775825741e-16,1,4.3711402497592644e-8,0,0.912661612033844,1.7865550816509312e-8,-0.4087161123752594,0,-0.12649497389793396,0.5502216815948486,-0.07156199216842651,1],[7,0.9823623895645142,-0.07697457075119019,0.17040887475013733,0,-0.17091597616672516,-4.3068205002327886e-8,0.9852855801582336,0,-0.07584192603826523,-0.9970331192016602,-0.0131562240421772,0,-0.04885752499103546,0.010046995244920254,0.0544607900083065,1],[7,0.47126516699790955,-0.20099616050720215,0.8587839007377625,0,-0.8773275017738342,-0.006825851276516914,0.4798436164855957,0,-0.09058478474617004,-0.9795683026313782,-0.1795562505722046,0,-0.13447821140289307,0.026622224599123,-0.08057563006877899,1],[7,0.5099061727523804,-0.04985976964235306,0.8587839007377625,0,-0.8346050977706909,-0.27052637934684753,0.4798435866832733,0,0.20839877426624298,-0.9614205956459045,-0.17955628037452698,0,-0.22718484699726105,-0.04377436637878418,-0.08057564496994019,1],[7,-0.19529853761196136,-0.45332348346710205,0.8696874976158142,0,-0.73896723985672,-0.5150070786476135,-0.4343905448913574,0,0.6448146104812622,-0.7275063991546631,-0.2344110608100891,0,-0.18685691058635712,-0.0020390129648149014,-0.284349650144577,1],[7,0.5280618667602539,-0.8482819199562073,0.03960440680384636,0,-0.7926104068756104,-0.5090733170509338,-0.3355788588523865,0,0.3048270344734192,0.14581552147865295,-0.9411792159080505,0,-0.3089666962623596,0.07161705195903778,-0.07956288754940033,1],[7,0.1184462383389473,-0.9921972155570984,0.0389290489256382,0,-0.9335853457450867,-0.12463172525167465,-0.33598414063453674,0,0.33821427822113037,0.0034524640068411827,-0.9410628080368042,0,-0.31643936038017273,0.2252262532711029,-0.08718197792768478,1],[7,0.12340723723173141,0.005933708511292934,-0.9923384189605713,0,-0.9919688105583191,-0.027198564261198044,-0.12352391332387924,0,-0.02772313356399536,0.9996125102043152,0.0025295543018728495,0,-0.37613555788993835,-0.035791490226984024,0.029482685029506683,1],[7,4.371138828673793e-8,0.4087185561656952,-0.912660539150238,0,-1,5.775931199991646e-8,-2.202800075679079e-8,0,4.371138828673793e-8,0.9126604795455933,0.4087185859680176,0,-0.471542626619339,-0.05664608255028725,0.07156190276145935,1],[7,0.4087185561656952,-3.9893663483780983e-8,-0.912660539150238,0,1.6113994493235212e-16,1,-4.3711398944878965e-8,0,0.9126604795455933,1.7865657397919676e-8,0.4087185859680176,0,-0.12649492919445038,0.5502216815948486,0.07156188786029816,1],[7,-0.5099055767059326,0.04985712096095085,0.8587843775749207,0,-0.8346050977706909,-0.27052637934684753,-0.4798435866832733,0,0.2084001898765564,-0.9614207148551941,0.17955391108989716,0,-0.22718487679958344,-0.04377437010407448,0.08057569712400436,1],[7,-0.5280609726905823,0.8482823371887207,0.03960698843002319,0,-0.7926104664802551,-0.5090732574462891,0.3355788588523865,0,0.3048284947872162,0.14581316709518433,0.941179096698761,0,-0.3089667558670044,0.07161715626716614,0.07956288754940033,1],[7,0.19530031085014343,0.4533214867115021,0.8696881532669067,0,-0.7389672994613647,-0.5150070190429688,0.4343905448913574,0,0.6448140740394592,-0.7275076508522034,0.23440872132778168,0,-0.18685689568519592,-0.0020389421842992306,0.2843497693538666,1],[7,-0.11844522505998611,0.9921971559524536,0.038931794464588165,0,-0.9335854053497314,-0.12463169544935226,0.33598408102989197,0,0.33821457624435425,0.0034495561849325895,0.9410626888275146,0,-0.31643936038017273,0.22522635757923126,0.08718202263116837,1]],8,8,8,8,8,8,8,8,8,8,8,8,8,8,8,8,8,8,8,8,8,8,8,8,8]]],0,0,[],[],[]],[[[35,".bin",141371029,[{"primitives":[{"primitiveMode":7,"jointMapIndex":0,"vertexBundelIndices":[0],"indexView":{"offset":56736,"length":5232,"count":2616,"stride":2}}],"vertexBundles":[{"view":{"offset":0,"length":56736,"count":788,"stride":72},"attributes":[{"name":"a_position","format":32,"isNormalized":false},{"name":"a_normal","format":32,"isNormalized":false},{"name":"a_texCoord","format":21,"isNormalized":false},{"name":"a_tangent","format":44,"isNormalized":false},{"name":"a_joints","format":42,"isNormalized":false},{"name":"a_weights","format":44,"isNormalized":false}]}],"jointMaps":[[0,1,2,3,4,5,6,7,8,9,10,11,12,13,14,15,16,17,18,19,20,21,22,23,24]]},"minPosition",8,[1,-0.3020573854446411,-0.5475805401802063,-0.2776908576488495],"maxPosition",8,[1,0.3020573854446411,0.5475805401802063,0.2776908576488495]]],-1],0,0,[],[],[]],[[[18,"Material #4",[{"rasterizerState":{},"blendState":{"targets":[{}]},"depthStencilState":{}}],[{}],[[[{"albedoScale":1,"metallic":0,"roughness":0,"emissiveScale":1,"alphaSource":1},"mainColor",8,[4,4290559164],"emissive",8,[4,4278190080]]],11]]],0,0,[0],[5],[2]],[[[35,".bin",3316648312,[{"primitives":[{"primitiveMode":7,"vertexBundelIndices":[0],"indexView":{"offset":28176,"length":4164,"count":2082,"stride":2}}],"vertexBundles":[{"view":{"offset":0,"length":28176,"count":587,"stride":48},"attributes":[{"name":"a_position","format":32,"isNormalized":false},{"name":"a_normal","format":32,"isNormalized":false},{"name":"a_texCoord","format":21,"isNormalized":false},{"name":"a_tangent","format":44,"isNormalized":false}]}]},"minPosition",8,[1,-0.31255942583084106,-0.13096801936626434,-0.10214941948652267],"maxPosition",8,[1,0.5394502282142639,0.1993952989578247,0.11014878749847412]]],-1],0,0,[],[],[]],[[[18,"Material #3",[{"rasterizerState":{},"blendState":{"targets":[{}]},"depthStencilState":{}}],[{}],[[[{"albedoScale":1,"metallic":0,"roughness":0,"emissiveScale":1,"alphaSource":1},"mainColor",8,[4,4290559164],"emissive",8,[4,4278190080]]],11]]],0,0,[0],[5],[2]],[[[15,"李警官减面版_skin03_朱浩_0109"],[77,"李警官减面版_skin03_朱浩_0109",[-4,-5,-6],[[93,-3,[6,"90OWekum1a/65sj5XnAtvp"],[[51,"c002001ljg_root/bone_l_qiang",-2]]]],[1,"d6JBFTDZVUwqiOzbPkUuDW",null,null,null,-1,0]],[79,"c002001ljg_root",1,[[-7,[42,"bone_l_qiang",-8,[1,"13M8TsvYZfqb0AJAjvRy2o",null,null,null,1,0],[1,-0.20637308061122894,-0.06592172384262085,0.34961020946502686],[3,-0.5945265443866592,0.13602803992424228,0.7901918492402789,-0.06026111323444672],[1,-171.47138363281434,107.20225829481873,-14.890955538205818]],[42,"bone_r_sq",-9,[1,"acvCeeIV1VZI0jgNubA8Z9",null,null,null,1,0],[1,-0.2177335023880005,-0.01197676733136177,0.25352680683135986],[3,0.4409103610339766,-0.36656453530114425,-0.6452681303342327,0.5048341658082467],[1,-172.8244765430977,117.03093337034454,-77.09738393341524]],[74,"tx",-10,[1,"d9c9u8t6Zcj5FnHYJ3ZvUj",null,null,null,1,0],[3,0.7071068407911908,0,0,0.7071067215818992],[1,90.00000965934633,0,0]]],1,4,4,4],[1,"18KB/hjr1SO6R+Htsxv79O",null,null,null,1,0],[3,-0.7071067811865476,0,0,0.7071067811865476],[1,-90.00000000000003,0,0]],[75,"Bip001 Pelvis",[-11,-12,-13],[1,"8eDqI17bFU55WTzmNiI9Ja",null,null,null,1,0],[3,-0.49999999254917427,-0.49999999254917427,-0.49999930709576956,0.5000007078049009],[1,-89.99991974527727,-89.99991974527727,-0.0000017074910602964197]],[76,"Bip001 Spine1",[-14,-15,-16],[1,"c59EOS6bRcEqmWFbhF+40w",null,null,null,1,0],[1,0.06843658536672592,-0.00009830236376728863,-2.7264945856586564e-10]],[80,"Bip001",2,[[[42,"Bip001 Footsteps",-17,[1,"76z1MISYVck4p1xU0UqKgl",null,null,null,1,0],[1,0,0,-0.28089913725852966],[3,-6.9210766755740345e-34,6.921086318301296e-34,0.7071063043492204,0.7071072580235531],[1,0,-1.1216077297954081e-31,90]],3],4,1],[1,"066qfMH4Nd74PZsaG0YxPE",null,null,null,1,0],[1,-3.8846739158771015e-9,-0.006596474442631006,0.28249967098236084],[3,0,0,-0.7071063043492204,0.7071072580235531],[1,0,0,-90]],[48,"Bip001 L Hand",[-18,-19],[1,"1bVvRhuJlW/bV9Hl9aKjFb",null,null,null,1,0],[1,0.0866798684000969,9.53674295089968e-9,0],[3,-0.6914659232502215,0.029739438011929933,-0.04431098012191177,0.7204352711042743],[1,-87.70503000840097,-1.0617956005712967,-6.025668699667597]],[48,"Bip001 R Hand",[-20,-21],[1,"184WUKUN5T0Jaq6H55SSdb",null,null,null,1,0],[1,0.08667987585067749,-3.552713599391162e-17,-7.629394360719743e-8],[3,0.691465923670019,-0.02973942871675924,-0.044310972698232816,0.7204352715416594],[1,87.70503000520549,1.0617957787412855,-6.025667346461231]],[7,"bone_l_qiang Socket",1,[-22],[1,"e2Niw28iRa4b8rxPs6oBa4",null,null,null,1,0],[1,-0.20637308061122894,0.3496102094650269,0.06592172384262085],[3,-0.377782709321284,0.6549363644980855,0.46256366557419315,-0.4630047929411394],[1,-41.776905358578226,-138.04070689701476,-67.39633851224238]],[78,"LJG",1,[[94,-23,[6,"4fxii5ccRRTKwnA11ms9M3"],[0],[30],1,1,2]],[1,"1eAfUmHoVWEKtMTngR5K6A",null,null,null,1,0],[1,0,0.5541403889656067,-0.01749454438686371]],[7,"Bip001 Spine",3,[4],[1,"64Y5e4+m5ZQYj2jJCFZm/b",null,null,null,1,0],[1,0.044242974370718,0.00606258399784565,4.9383633182742415e-8],[3,-0.0000020804759106073234,-6.936759723456755e-7,0.0003981589901667566,0.9999999