[1,["1cJKe4sNtGv4zcFhMsKIhL@73b7f","1cJKe4sNtGv4zcFhMsKIhL@52010","ec3J9SFjFK5YITkyECNALr@b75b5","ec3J9SFjFK5YITkyECNALr@d92db","1cJKe4sNtGv4zcFhMsKIhL@6283f","8aFrhkv3dA+YaCsudKo07K","b3cuJSq+xN0aq0kBWyGSuF","ec3J9SFjFK5YITkyECNALr@d20e9","9bIKUUbMNJ3rIWtrhjBGJJ","ec3J9SFjFK5YITkyECNALr@f8493","ec3J9SFjFK5YITkyECNALr@30732","ec3J9SFjFK5YITkyECNALr@d739d","ec3J9SFjFK5YITkyECNALr@f1394"],["targetInfo","_parent","node","value","target","source","root","data","_mesh","_skeleton","bulletRoot","firePoint","asset","bulletPrefab","bulletFireEffectPrefab","mainTexture","_effectAsset"],[["cc.Node",["_name","_objFlags","__editorExtras__","_prefab","_parent","_lpos","_lrot","_euler","_children","_components","_lscale"],0,4,1,5,5,5,2,12,5],["cc.Node",["_name","_components","_prefab","_children","_parent","_lpos"],2,9,4,2,1,5],["cc.Node",["_name","_parent","_children","_prefab","_lrot","_euler","_lpos"],2,1,12,4,5,5,5],["cc.Prefab",["_name"],2],["cc.Node",["_name","_parent","_children","_prefab","_lpos","_lrot","_euler"],2,1,9,4,5,5,5],["cc.CapsuleCollider",["_radius","_cylinderHeight","node","__prefab","_center"],1,1,4,5],["cc.CompPrefabInfo",["fileId"],2],["cc.RigidBody",["_group","_angularDamping","node","__prefab","_angularFactor"],1,1,4,5],["86903rEPXFO2YPMWydMq5TH",["node","__prefab"],3,1,4],["cc.PrefabInfo",["fileId","instance","root","asset","targetOverrides","nestedPrefabInstanceRoots"],1,1,1,9,2],["cc.PrefabInfo",["fileId","targetOverrides","nestedPrefabInstanceRoots","root","instance","asset"],0,1,4,6],["cc.PrefabInfo",["fileId","instance","targetOverrides","nestedPrefabInstanceRoots","root","asset"],-1,1,1],["cc.TargetOverrideInfo",["propertyPath","source","target","targetInfo"],2,1,1,4],["cc.TargetInfo",["localID"],2],["cc.PrefabInstance",["fileId","prefabRootNode","mountedChildren","mountedComponents","propertyOverrides"],2,1,9,9,9],["cc.MountedChildrenInfo",["targetInfo","nodes"],3,4,2],["cc.MountedComponentsInfo",["targetInfo","components"],3,4,9],["CCPropertyOverrideInfo",["value","propertyPath","targetInfo"],1,1],["CCPropertyOverrideInfo",["propertyPath","targetInfo","value"],2,1,8],["CCPropertyOverrideInfo",["propertyPath","targetInfo","value"],2,1,6],["CCPropertyOverrideInfo",["propertyPath","targetInfo","value"],2,1,4],["CCPropertyOverrideInfo",["propertyPath","targetInfo","value"],2,1,1],["cc.SkeletalAnimation.Socket",["path","target"],2,1],["bf4dd10wfNOnbcbEwmVMUxl",["attackAnim","runAttackAnim","attackRange","attackDamage","speed","arrivalDistance","bulletPoolKey","node","__prefab"],-4,1,4],["cc.Skeleton",["_name","_hash","_joints","_bindposes"],0,12],["cc.Material",["_states","_defines","_props"],1,12],["cc.Mesh",["_native","_hash","_struct"],1,11],["cc.SkeletalAnimation",["node","__prefab"],3,1,4],["cc.SkinnedMeshRenderer",["node","__prefab","_materials","bakeSettings","_skinningRoot","_mesh","_skeleton"],3,1,4,3,4,1,6,6],["cc.ModelBakeSettings",[],3]],[[11,0,1,2,3,4,5,5],[0,0,4,8,3,5,6,7,2],[17,0,1,2,3],[13,0,2],[6,0,2],[4,0,1,2,3,4,5,6,2],[0,0,4,3,5,2],[0,0,4,3,5,6,7,2],[19,0,1,2,2],[18,0,1,2,2],[0,0,8,3,5,6,7,2],[0,0,4,3,5,6,10,7,2],[2,0,1,2,3,6,4,5,2],[12,0,1,2,3,2],[3,0,2],[1,0,4,1,2,5,2],[8,0,1,1],[21,0,1,2,2],[24,0,1,2,3,4],[26,0,1,2,3],[28,0,1,2,3,4,5,6,1],[29,1],[0,0,8,9,3,2],[0,1,2,4,3,3],[0,0,8,3,6,7,2],[1,0,3,1,2,2],[2,0,1,2,3,4,5,2],[5,0,1,2,3,4,3],[7,0,1,2,3,4,3],[9,0,1,2,3,4,5,3],[10,0,1,2,3,4,5,4],[14,0,1,2,3,4,2],[15,0,1,1],[16,0,1,1],[20,0,1,2,2],[22,0,1,2],[23,0,1,2,3,4,5,6,7,8,8],[25,0,1,2,3],[27,0,1,1]],[[[[14,"npc_ada"],[22,"npc_ada",[-13],[[[27,0.15,0.2,-9,[4,"c41dXlS8lCnKbUO2frhOGN"],[1,0,0.2,0]],[28,8,1,-10,[4,"45aaPpTlVLe5fSjitONI2n"],[1,0,1,0]],-11,[16,-12,[4,"19mrabssRGIIThhkcQehUh"]]],4,4,1,4],[29,"b90sS6fMRM56nXrMNPwL/k",null,-8,0,[[13,["bulletRoot"],-3,-2,[3,["1cjRiZkIZBhrUkoLfMGc70"]]],[13,["anim"],-5,-4,[3,["caySOdxyZV6LuHHyysNZZX"]]],[13,["firePoint"],-7,-6,[3,["1cjRiZkIZBhrUkoLfMGc70"]]]],[-1]]],[23,0,{},1,[30,"6fSHGh3UpfT7rrsxTlXSuy",null,null,-41,[31,"5eTlQ0plJDoavuXcqKNrHq",1,[[32,[3,["6fSHGh3UpfT7rrsxTlXSuy"]],[-40]]],[[33,[3,["6fSHGh3UpfT7rrsxTlXSuy"]],[[16,-39,[4,"c5NhY9s4REdbwLZTSWaIT/"]]]]],[[2,"爱达减面版_rig",["_name"],-14],[9,["_lpos"],-15,[1,0,-0.066,0]],[9,["_lrot"],-16,[3,0,0,0,1]],[9,["_euler"],-17,[1,0,0,0]],[9,["_lscale"],-18,[1,0.6,0.6,0.6]],[2,4,["_clips","length"],-19],[8,["_clips","0"],-20,1],[8,["_clips","1"],-21,2],[8,["_clips","2"],-22,3],[2,false,["playOnLoad"],-23],[8,["_clips","3"],-24,4],[8,["_defaultClip"],-25,5],[2,1,["_sockets","length"],-26],[34,["_sockets","0"],-28,[35,"ck004001ad_root/Bone_l_qiang",-27]],[2,1,["_shadowCastingMode"],-29],[17,["_skinningRoot"],-31,-30],[2,1,["_shadowCastingMode"],-32],[17,["_skinningRoot"],-34,-33],[2,true,["bakeSettings","_castShadow"],-35],[2,true,["bakeSettings","_castShadow"],-36],[2,true,["bakeSettings","_receiveShadow"],-37],[2,true,["bakeSettings","_receiveShadow"],-38]]],0]],[3,["caySOdxyZV6LuHHyysNZZX"]],[3,["6fSHGh3UpfT7rrsxTlXSuy"]],[3,["4cK0rhUZ1Tk7kNP8kLvqrY"]],[3,["5eI2wc4Xxbh7RCTiFg57l5"]],[36,"run_attack","run_attack",2,20,2.5,0.1,"Bullet",1,[4,"50AUPcJEBFC635abqofJuj"]],[1,"Bone_l_qiang Socket",2,[-42],[0,"0cXdtTutZO9JhBbeujddKT",null,null,null,1,0],[1,0.4378967583179474,0.3437605202198029,0.059703312814235625],[3,4.214684852541672e-8,7.549716383066651e-17,0.6800180331665255,0.7331953863523204],[1,0.00004711975104850249,-0.00004370223956544369,85.690104469762]],[6,"Node",8,[0,"1cjRiZkIZBhrUkoLfMGc70",null,null,null,1,0],[1,0.109,-0.318,0]]],0,[0,-1,2,0,4,2,0,5,7,0,4,2,0,5,7,0,4,2,0,5,7,0,6,1,0,2,1,0,2,1,0,-3,7,0,2,1,0,-1,2,0,0,4,0,0,4,0,0,4,0,0,4,0,0,4,0,0,3,0,0,3,0,0,3,0,0,3,0,0,3,0,0,3,0,0,3,0,0,3,0,4,8,0,0,3,0,0,5,0,3,2,0,0,5,0,0,6,0,3,2,0,0,6,0,0,5,0,0,6,0,0,5,0,0,6,0,2,2,0,-1,8,0,6,2,0,-1,9,0,7,1,7,10,9,7,11,9,42],[0,0,0,0,0,0,7,7],[12,3,3,3,3,3,13,14],[3,0,4,1,1,0,5,6]],[[[18,"Skin-0",1119927396,["ck004001ad_root/Bone_l_qiang"],[[[7,0.07515081763267517,-0.9971721768379211,2.48888653686663e-7,0,0.9971721768379211,0.07515081763267517,4.042644263790862e-8,0,-5.9016308284753904e-8,2.4514676510989375e-7,1,0,0.1525360494852066,0.1697079986333847,-0.10008454322814941,1]],8]]],0,0,[],[],[]],[[[37,[{"rasterizerState":{},"depthStencilState":{},"blendState":{"targets":[{}]}},{"rasterizerState":{},"depthStencilState":{},"blendState":{"targets":[{}]}},{"rasterizerState":{},"depthStencilState":{},"blendState":{"targets":[{}]}},{"rasterizerState":{},"depthStencilState":{},"blendState":{"targets":[{}]}},{"rasterizerState":{},"depthStencilState":{},"blendState":{"targets":[{}]}},{"rasterizerState":{},"depthStencilState":{},"blendState":{"targets":[{}]}},{"rasterizerState":{},"depthStencilState":{},"blendState":{"targets":[{}]}}],[{"USE_OUTLINE_PASS":true,"USE_POSITION_SCALING":true},{"USE_BASE_COLOR_MAP":true,"BASE_COLOR_MAP_AS_SHADE_MAP_1":true,"BASE_COLOR_MAP_AS_SHADE_MAP_2":true},{},{},{},{},{}],[[{"lineWidth":15},[{},"mainTexture",6,0],{},{},{},{},{}],0,11,0,0,0,0,0]]],0,0,[0,0],[15,16],[7,8]],[[[19,".bin",2181814587,[{"primitives":[{"primitiveMode":7,"jointMapIndex":0,"vertexBundelIndices":[0],"indexView":{"offset":56808,"length":6354,"count":3177,"stride":2}}],"vertexBundles":[{"view":{"offset":0,"length":56808,"count":789,"stride":72},"attributes":[{"name":"a_position","format":32,"isNormalized":false},{"name":"a_normal","format":32,"isNormalized":false},{"name":"a_texCoord","format":21,"isNormalized":false},{"name":"a_tangent","format":44,"isNormalized":false},{"name":"a_joints","format":42,"isNormalized":false},{"name":"a_weights","format":44,"isNormalized":false}]}],"jointMaps":[[0,1,2,3,4,5,6,7,8,9,10,11,12,13,14,15,16,17,18,19,20,21,22,23,24,25,26,27]]},"minPosition",8,[1,-0.26655313372612,-0.5105187296867371,-0.25358355045318604],"maxPosition",8,[1,0.26655313372612,0.5105187296867371,0.25358355045318604]]],-1],0,0,[],[],[]],[[[14,"爱达减面版_rig"],[25,"爱达减面版_rig",[-3,-4,-5],[[38,-2,[4,"caySOdxyZV6LuHHyysNZZX"]]],[0,"6fSHGh3UpfT7rrsxTlXSuy",null,null,null,-1,0]],[24,"Bip001 Pelvis",[-6,-7,-8],[0,"a8NNB6J2pa0a/dPOMmI7NX",null,null,null,1,0],[3,-0.49999999254917427,-0.49999999254917427,-0.49999930709576956,0.5000007078049009],[1,-89.99991974527727,-89.99991974527727,-0.0000017074910602964197]],[10,"Bip001 Spine1",[-9,-10,-11],[0,"c4uxW8WHdUqpKzGdlTi9F+",null,null,null,1,0],[1,0.06656119972467422,-0.00008520603296346962,-2.3632765189240956e-10],[3,-8.91743891369129e-14,1.3222288050681517e-7,-0.04767193299771703,0.9988630470711406],[1,7.255950871766386e-7,0.00001520350220294405,-5.464872381911471]],[12,"Bip001 R Thigh",2,[[-12,[7,"bone_r_qunB_000",-13,[0,"e4lnR6BYxW4YO67+5dJCJW",null,null,null,1,0],[1,-0.0069975280202925205,-0.04358379542827606,-0.00005294799848343246],[3,-0.707751587198383,0.08662878161305526,-0.03731662486955254,0.7001361399918965],[1,-90.26824977634796,3.9883641328575017,-10.071485845506732]],[7,"bone_r_qunA_000",-14,[0,"53WsmYz8FfpJoKlGX4DA0P",null,null,null,1,0],[1,-0.008618736639618874,-0.00005520105332834646,0.035602081567049026],[3,-0.6820483279627602,-0.043803960546846994,-0.15607802734457255,0.7131135538915528],[1,-88.78625742548643,-16.206839314801613,-9.372352187675586]]],1,4,4],[0,"baSp4rTv1fcLWpZL028NdP",null,null,null,1,0],[1,7.629394360719743e-8,-5.841255301675119e-8,-0.05078161135315895],[3,-0.03610530441819401,0.9989190548755482,-0.000817392242062934,0.02926534929457419],[1,-0.027588336322487,176.64277210597035,-4.139231594759443]],[26,"ck004001ad_root",1,[[-15,[7,"Bone_l_qiang",-16,[0,"b7z7YcLhRaQZxW/WHL96LA",null,null,null,1,0],[1,0.4378967583179474,-0.05970331281423569,0.34376052021980286],[3,0.5184474594267389,-0.48084536258118876,0.48084536258118876,0.518447399822094],[1,90.00000354109405,-85.69010446976326,-0.0000032842647963504025]]],1,4],[0,"e8dwS9aodRrI7t1yreLdii",null,null,null,1,0],[3,-0.7071067811865476,0,0,0.7071067811865476],[1,-90.00000000000003,0,0]],[12,"Bip001",5,[[[7,"Bip001 Footsteps",-17,[0,"370WQEq19WTYBZVQD59gAw",null,null,null,1,0],[1,0,-1.0587911604020483e-24,-0.26092395186424255],[3,-6.9210766755740345e-34,6.921086318301296e-34,0.7071063043492204,0.7071072580235531],[1,0,-1.1216077297954081e-31,90]],2],4,1],[0,"eaNLst73BUjIHiWfHKI0HD",null,null,null,1,0],[1,0,-0.006722841411828995,0.2729080021381378],[3,0,0,-0.7071063043492204,0.7071072580235531],[1,0,0,-90]],[10,"Bip001 L Hand",[-18,-19],[0,"ddiresQZddsKq4BvVJBKbx",null,null,null,1,0],[1,0.08214491605758667,9.53674295089968e-9,-3.814697180359872e-8],[3,-0.6139385851620345,0.015469111883631956,0.029205676888402306,0.7886616186072841],[1,-75.8452005037853,3.4560493605356273,1.5513366082840774]],[10,"Bip001 R Hand",[-20,-21],[0,"85bOvJfaxYiJWhbutK1hr6",null,null,null,1,0],[1,0.08214490860700607,1.907348590179936e-8,7.105427198782324e-17],[3,0.61393855671672,-0.015469085089877682,0.029205666222004503,0.7886616416712569],[1,75.8451962937466,-3.456046129011403,1.5513376573145816]],[12,"Bip001 L Thigh",2,[[-22,[7,"bone_l_qun_000",-23,[0,"71f5JP5NBSmJ14oz0MQD7U",null,null,null,1,0],[1,-0.0025239181704819202,0.003473038785159588,-0.009781856089830399],[3,-0.7070177655565598,0.1439020456611007,0.11593203765471338,0.6826256976463645],[1,-91.52745535231705,21.147080659976027,-2.5910091627884633]]],1,4],[0,"5ew8uyMLdRT66ljnER3ltV",null,null,null,1,0],[1,-7.629394360719743e-8,8.225440950582197e-8,0.05078161135315895],[3,-0.036105268759878024,0.9989190989927341,0.0008159540832350739,-0.02926392752614052],[1,0.027747367496259327,-176.64292946839555,-4.139222716512719]],[15,"ADWQ",1,[[20,-24,[4,"5eI2wc4Xxbh7RCTiFg57l5"],[0],[21],1,1,2]],[0,"c2zgmBiNhYPIIlN6EUci3V",null,null,null,1,0],[1,0.28013184666633606,0.508618950843811,-0.04038119316101074]],[15,"AD",1,[[20,-25,[4,"4cK0rhUZ1Tk7kNP8kLvqrY"],[3],[21],1,4,5]],[0,"d4sL5LJNZTcLqnwB59IylK",null,null,null,1,0],[1,0.00271574966609478,0.5121335387229919,-0.03184724971652031]],[1,"Bip001 Spine",2,[3],[0,"aco1haoAxVmZurM/YBGtjZ",null,null,null,1,0],[1,0.03282514587044716,0.007906120270490646,4.790847185631719e-8],[3,-0.0000020804759106073234,-6.936759723456755e-7,0.0003981589901667566,0.9999999207323014],[1,-0.00023837338537102524,-0.00007939450691674307,0.045625660794268615]],[1,"Bip001 Neck",3,[-26],[0,"0dzBFPQHBV1p+pXnSKpM2D",null,null,null,1,0],[1,0.12366916984319687,-0.013762040063738823,6.224272652843865e-9],[3,7.718316760648576e-14,-2.5774150723279937e-7,0.0929267117992373,0.9956729514424478],[1,0.000002792833670373666,-0.000029924012644900606,10.664002440638061]],[5,"Bip001 Head",13,[[6,"Bip001 HeadNub",-27,[0,"51xsJAi+hZGICbW6N/9eM1",null,null,null,1,0],[1,0.37469834089279175,9.53674295089968e-9,9.094946814441375e-15]]],[0,"68E6dXECxafbJJas3E4c4P",null,null,null,1,0],[1,0.044216956943273544,0,9.094946814441375e-15],[3,8.956698466896469e-14,2.413997881182298e-10,-0.00008772686090090656,0.999999996151999],[1,1.2690354159376982e-11,2.7662379288783573e-8,-0.01005275777200071]],[1,"Bip001 L Clavicle",3,[-28],[0,"0eDUIkbnhf1ayIfXLp0diX",null,null,null,1,0],[1,0.08637485653162003,-0.015000567771494389,0.027214374393224716],[3,0.6102754409024386,-0.0014711706743228377,0.792187682341226,-0.0006307416412272936],[1,179.91055893684276,-104.78116830016721,-0.16014020377383592]],[1,"Bip001 L UpperArm",15,[-29],[0,"6dsGFmr3Fb47nJkagTo137",null,null,null,1,0],[1,0.06658527255058289,0,0],[3,-0.05193410491076795,0.31638247078039033,0.03574356471002401,0.9465344042938076],[1,-6.950131449047913,37.08590174702635,1.9944647240779183]],[1,"Bip001 L Forearm",16,[7],[0,"15UdWUoeFTFaACNEM/Ke32",null,null,null,1,0],[1,0.08426305651664734,8.881783998477905e-18,-7.105427198782324e-17],[3,4.7392419714520446e-17,5.4461055224256327e-17,-0.10127235176919039,0.9948587391017568],[1,6.161249076177833e-15,6.9002172251468934e-15,-11.62488570229726]],[5,"Bip001 L Finger1",7,[[6,"Bip001 L Finger1Nub",-30,[0,"87KMPXWYJTE4msy+rBvhNw",null,null,null,1,0],[1,0.0744020938873291,3.552713599391162e-17,-1.776356799695581e-17]]],[0,"5eU6/vfw1Tu71eyZz4vPZo",null,null,null,1,0],[1,0.07549522072076797,0.004282455425709486,0.005230996757745743],[3,-0.1379527608496996,-0.03810011250238569,0.2648578603158231,0.9536077448459483],[1,-16.470694326940563,0.027459084064601395,31.041115429637223]],[5,"Bip001 L Finger0",7,[[6,"Bip001 L Finger0Nub",-31,[0,"daINL+5hJWEYD25XVUHMgQ",null,null,null,1,0],[1,0.04962257295846939,1.907348590179936e-8,-1.907348590179936e-8]]],[0,"acbJjzZbha0L1CzRxwLus5",null,null,null,1,0],[1,0.026730423793196678,0.023067474365234375,-0.03763561323285103],[3,0.414700057066998,0.3612263167687067,0.18387290657323058,0.8146963636660315],[1,42.693842299286004,33.00329393602607,36.8127897237174]],[1,"Bip001 R Clavicle",3,[-32],[0,"71vuHnmLZefrtdEuLOZDPa",null,null,null,1,0],[1,0.08637485653162003,-0.015000419691205025,-0.02721446007490158],[3,-0.6102754435237745,0.0014689748548555395,0.7921876857439355,-0.0006290472189380228],[1,-179.91063977531726,104.78116794749958,-0.15983282800246032]],[1,"Bip001 R UpperArm",20,[-33],[0,"96sqFjm55Vua8ZPUrl/Crx",null,null,null,1,0],[1,0.06658526510000229,-2.38418573772492e-9,-3.814697180359872e-8],[3,0.05193409748028262,-0.3163824709028111,0.03574356472385459,0.9465344046600588],[1,6.9501306410051145,-37.08590174942097,1.9944649959047718]],[1,"Bip001 R Forearm",21,[8],[0,"c2UDgevrRU36R2XhLjVqXZ",null,null,null,1,0],[1,0.08426304161548615,4.76837147544984e-9,0],[3,2.3045208790753266e-17,-4.768179727052026e-17,-0.10127235176919039,0.9948587391017568],[1,2.1172945639666937e-15,-5.276636652211662e-15,-11.62488570229726]],[5,"Bip001 R Finger1",8,[[11,"Bip001 R Finger1Nub",-34,[0,"c56mtFvUJQH5HosKtJpkAt",null,null,null,1,0],[1,0.0744020864367485,-1.907348590179936e-8,-9.53674295089968e-9],[3,1.4901161193847656e-8,9.313225746154785e-10,1,-7.511013043707285e-17],[1,-1,-1,-1],[1,-179.9999998932783,-179.99999829245272,-7.0167096047110005e-15]]],[0,"c2PnH74Y1b9IjfkidiGPxw",null,null,null,1,0],[1,0.07549522072076797,0.004282493609935045,-0.005230996757745743],[3,0.13795274736019536,0.03810010544167972,0.26485783322376505,0.953607754604124],[1,16.4706925366657,-0.027458956204738632,31.04111212098858]],[5,"Bip001 R Finger0",8,[[11,"Bip001 R Finger0Nub",-35,[0,"d5nxmFYhxQT5EPdKJXNecB",null,null,null,1,0],[1,0.04962257295846939,1.907348590179936e-8,4.76837147544984e-9],[3,2.7755575615628914e-17,4.163336342344337e-17,1,1.4901161193847656e-8],[1,-1,-1,-1],[1,-180,-180,0.0000017075472925031882]]],[0,"04kplfrh9QOaPJSOCyI0TF",null,null,null,1,0],[1,0.026730412617325783,0.02306751161813736,0.03763560950756073],[3,-0.4147000279255587,-0.3612263471466938,0.18387290686625793,0.8146963649643648],[1,-42.693836924200504,-33.00329931111157,36.81279008849836]],[1,"Bip001 L Calf",9,[-36],[0,"d8y2Z/bk1U3r0ucvwbZFRv",null,null,null,1,0],[1,0.09261485934257507,1.19209286886246e-9,-4.76837147544984e-9],[3,-7.537435128144638e-19,3.240076157437864e-18,-0.026784419837311557,0.9996412330701343],[1,-7.650676583555035e-17,3.693687061844817e-16,-3.069635530121355]],[1,"Bip001 L Foot",25,[-37],[0,"aeHrMae8lbiZzEPst52CRn",null,null,null,1,0],[1,0.0934194028377533,-2.38418573772492e-9,4.76837147544984e-9],[3,-0.06019070450403273,-0.033068698330406626,0.06091656615227383,0.9957774411233951],[1,-6.705406535617392,-3.3818302452468947,7.198054232588361]],[5,"Bip001 L Toe0",26,[[11,"Bip001 L Toe0Nub",-38,[0,"ddJdwYVYVWlISskkw0LmVZ",null,null,null,1,0],[1,0.05032261461019516,0,8.881783998477905e-18],[3,-1.061650767297806e-15,1.7763568394002505e-15,1,-6.123234262925839e-17],[1,-1,-1,-1],[1,-179.9999999999998,179.99999999999986,-7.016709604711217e-15]]],[0,"5bbHmwczxfEJA9CEl4U2q7",null,null,null,1,0],[1,0.07618742436170578,0.06944968551397324,0],[3,1.5454311872698817e-8,1.5454311872698817e-8,0.7071067811865474,0.7071067811865474],[1,0,0.000002504478444114821,90]],[1,"Bip001 R Calf",4,[-39],[0,"09SicFm8Be0YasIbLnnsXV",null,null,null,1,0],[1,0.09261488169431686,-1.19209286886246e-9,0],[3,-9.981067519262826e-20,-5.749048734417518e-18,-0.026784425421238156,0.9996412329205183],[1,-2.9120517371949705e-17,-6.598091515223859e-16,-3.069636170221856]],[1,"Bip001 R Foot",28,[-40],[0,"ba7HKdBshUtbe74sIJN9eK",null,null,null,1,0],[1,0.0934193804860115,-2.38418573772492e-9,8.881783998477905e-18],[3,0.06019069318444836,0.03306878393312847,0.06091656973211773,0.9957774387458433],[1,6.70540460194095,3.381840160765901,7.198055179479184]],[5,"Bip001 R Toe0",29,[[6,"Bip001 R Toe0Nub",-41,[0,"9dnY0NK4leY4WhPaOJ+EYQ",null,null,null,1,0],[1,0.05032261833548546,-2.2204459996194763e-18,8.881783998477905e-18]]],[0,"f8kujHKRxc2r9lxujNU07h",null,null,null,1,0],[1,0.07618742436170578,0.06944967806339264,-8.881783998477905e-18],[3,-1.5454311872698817e-8,-1.5454311872698817e-8,0.7071067811865474,0.7071067811865474],[1,0,-0.000002504478444114821,90]]],0,[0,6,1,0,2,1,0,-1,10,0,-2,11,0,-3,5,0,-1,12,0,-2,9,0,-3,4,0,-1,13,0,-2,15,0,-3,20,0,-1,28,0,1,4,0,1,4,0,-1,6,0,1,5,0,1,6,0,-1,18,0,-2,19,0,-1,23,0,-2,24,0,-1,25,0,1,9,0,2,10,0,2,11,0,-1,14,0,1,14,0,-1,16,0,-1,17,0,1,18,0,1,19,0,-1,21,0,-1,22,0,1,23,0,1,24,0,-1,26,0,-1,27,0,1,27,0,-1,29,0,-1,30,0,1,30,0,7,1,2,1,6,3,1,12,7,1,17,8,1,22,41],[0,0,0,0,0,0],[-1,8,9,-1,8,9],[2,9,10,2,11,12]],[[[18,"Skin-1",82777731,["ck004001ad_root/Bip001/Bip001 Pelvis","ck004001ad_root/Bip001/Bip001 Pelvis/Bip001 Spine","ck004001ad_root/Bip001/Bip001 Pelvis/Bip001 Spine/Bip001 Spine1","ck004001ad_root/Bip001/Bip001 Pelvis/Bip001 L Thigh","ck004001ad_root/Bip001/Bip001 Pelvis/Bip001 R Thigh","ck004001ad_root/Bip001/Bip001 Pelvis/Bip001 R Thigh/Bip001 R Calf","ck004001ad_root/Bip001/Bip001 Pelvis/Bip001 R Thigh/Bip001 R Calf/Bip001 R Foot","ck004001ad_root/Bip001/Bip001 Pelvis/Bip001 R Thigh/Bip001 R Calf/Bip001 R Foot/Bip001 R Toe0","ck004001ad_root/Bip001/Bip001 Pelvis/Bip001 L Thigh/Bip001 L Calf","ck004001ad_root/Bip001/Bip001 Pelvis/Bip001 L Thigh/Bip001 L Calf/Bip001 L Foot","ck004001ad_root/Bip001/Bip001 Pelvis/Bip001 L Thigh/Bip001 L Calf/Bip001 L Foot/Bip001 L Toe0","ck004001ad_root/Bip001/Bip001 Pelvis/Bip001 Spine/Bip001 Spine1/Bip001 Neck/Bip001 Head","ck004001ad_root/Bip001/Bip001 Pelvis/Bip001 Spine/Bip001 Spine1/Bip001 Neck","ck004001ad_root/Bip001/Bip001 Pelvis/Bip001 Spine/Bip001 Spine1/Bip001 R Clavicle","ck004001ad_root/Bip001/Bip001 Pelvis/Bip001 Spine/Bip001 Spine1/Bip001 R Clavicle/Bip001 R UpperArm","ck004001ad_root/Bip001/Bip001 Pelvis/Bip001 Spine/Bip001 Spine1/Bip001 R Clavicle/Bip001 R UpperArm/Bip001 R Forearm","ck004001ad_root/Bip001/Bip001 Pelvis/Bip001 Spine/Bip001 Spine1/Bip001 R Clavicle/Bip001 R UpperArm/Bip001 R Forearm/Bip001 R Hand","ck004001ad_root/Bip001/Bip001 Pelvis/Bip001 Spine/Bip001 Spine1/Bip001 R Clavicle/Bip001 R UpperArm/Bip001 R Forearm/Bip001 R Hand/Bip001 R Finger0","ck004001ad_root/Bip001/Bip001 Pelvis/Bip001 Spine/Bip001 Spine1/Bip001 R Clavicle/Bip001 R UpperArm/Bip001 R Forearm/Bip001 R Hand/Bip001 R Finger1","ck004001ad_root/Bip001/Bip001 Pelvis/Bip001 Spine/Bip001 Spine1/Bip001 L Clavicle","ck004001ad_root/Bip001/Bip001 Pelvis/Bip001 Spine/Bip001 Spine1/Bip001 L Clavicle/Bip001 L UpperArm","ck004001ad_root/Bip001/Bip001 Pelvis/Bip001 Spine/Bip001 Spine1/Bip001 L Clavicle/Bip001 L UpperArm/Bip001 L Forearm","ck004001ad_root/Bip001/Bip001 Pelvis/Bip001 Spine/Bip001 Spine1/Bip001 L Clavicle/Bip001 L UpperArm/Bip001 L Forearm/Bip001 L Hand","ck004001ad_root/Bip001/Bip001 Pelvis/Bip001 Spine/Bip001 Spine1/Bip001 L Clavicle/Bip001 L UpperArm/Bip001 L Forearm/Bip001 L Hand/Bip001 L Finger0","ck004001ad_root/Bip001/Bip001 Pelvis/Bip001 Spine/Bip001 Spine1/Bip001 L Clavicle/Bip001 L UpperArm/Bip001 L Forearm/Bip001 L Hand/Bip001 L Finger1","ck004001ad_root/Bip001/Bip001 Pelvis/Bip001 R Thigh/bone_r_qunA_000","ck004001ad_root/Bip001/Bip001 Pelvis/Bip001 L Thigh/bone_l_qun_000","ck004001ad_root/Bip001/Bip001 Pelvis/Bip001 R Thigh/bone_r_qunB_000"],[[[7,0.0000013868000223737909,0.0000027577070795814507,1,0,1,4.370756556681954e-8,-0.0000013868002497474663,0,-4.371138828673793e-8,1,-0.0000027577070795814507,0,0.2392255663871765,-0.03857008367776871,0.0027155245188623667,1],[7,1.0916177961561857e-9,-0.0000014026936696609482,1,0,0.9999996423721313,-0.0007962742238305509,-2.2085464568277757e-9,0,0.0007962742238305509,0.9999997019767761,0.0000014026923054188956,0,0.20636333525180817,-0.046640560030937195,0.0027156600262969732,1],[7,-1.2947225513926242e-7,-0.0000014088210491536302,1,0,0.9955303072929382,0.09444277733564377,2.619465249154018e-7,0,-0.09444277733564377,0.995530366897583,0.0000013902962336942437,0,0.1436004340648651,-0.03302962705492973,0.002715697744861245,1],[7,0.05840684846043587,0.0037462045438587666,-0.9982858896255493,0,-0.9956799149513245,-0.07208468019962311,-0.058524902909994125,0,-0.0721803531050682,0.9973915219306946,-0.0004802183248102665,0,-0.23821546137332916,-0.055893994867801666,0.034001342952251434,1],[7,-0.058407220989465714,-0.0037434108089655638,-0.9982858896255493,0,-0.9956799149513245,-0.07208468019962311,0.058525070548057556,0,-0.07218018919229507,0.9973915219306946,0.00048302672803401947,0,-0.23853270709514618,-0.05591433122754097,-0.03942359983921051,1],[7,-0.05812295526266098,-0.006865732371807098,-0.9982858896255493,0,-0.990391194820404,-0.12529954314231873,0.058525070548057556,0,-0.1254865676164627,0.9920952320098877,0.000483018986415118,0,-0.32767826318740845,-0.07356693595647812,-0.03942359983921051,1],[7,4.371138828673793e-8,-0.12363456934690475,-0.992327868938446,0,-1,3.7971787492097064e-8,-4.878026871324437e-8,0,4.371138828673793e-8,0.9923278093338013,-0.12363457679748535,0,-0.4239620864391327,-0.027961859479546547,-0.06135021150112152,1],[7,-0.12363456189632416,4.3376033431741234e-8,-0.992327868938446,0,-2.023864657618065e-16,1,4.3711398944878965e-8,0,0.9923278093338013,5.404239278306022e-9,-0.12363456934690475,0,-0.09741155058145523,0.5001494884490967,-0.06135016679763794,1],[7,0.05812244117259979,0.006868414580821991,-0.9982858896255493,0,-0.990391194820404,-0.12529954314231873,-0.05852489545941353,0,-0.12548671662807465,0.9920951724052429,-0.0004802977782674134,0,-0.3273625373840332,-0.07352963089942932,0.03400135040283203,1],[7,4.371138828673793e-8,0.12363730370998383,-0.9923275709152222,0,-1,4.878037174194105e-8,-3.797165604169095e-8,0,4.371138828673793e-8,0.9923275113105774,0.12363731116056442,0,-0.4239620864391327,-0.027290308848023415,0.05596020817756653,1],[7,0.12363729625940323,-4.337601922088652e-8,-0.9923275709152222,0,-1.6271145045334895e-15,1,-4.3711398944878965e-8,0,0.9923275113105774,5.4043600705711015e-9,0.12363730370998383,0,-0.0967400074005127,0.5001494884490967,0.05596020445227623,1],[7,1.2507948099482746e-7,-0.0000014084108670431306,1,0,0.9958292841911316,-0.0912356823682785,-2.530551626023225e-7,0,0.0912356823682785,0.9958293437957764,0.0000013911252381149097,0,-0.028191430494189262,-0.022628039121627808,0.002715682378038764,1],[7,1.2531515380942437e-7,-0.0000014084332633501617,1,0,0.9958133101463318,-0.09141041338443756,-2.5353597266075667e-7,0,0.09141040593385696,0.9958133697509766,0.000001391081468682387,0,0.016021590679883957,-0.02262309193611145,0.002715682378038764,1],[7,-0.966903567314148,0.003096603089943528,0.2551235854625702,0,-0.2542503774166107,-0.09523506462574005,-0.9624381065368652,0,0.021316422149538994,-0.9954500794410706,0.09287042170763016,0,-0.04348907992243767,0.01807618886232376,-0.04772408679127693,1],[7,-0.6170058846473694,0.11958421021699905,0.7778196930885315,0,-0.7860251665115356,-0.14177313446998596,-0.6017183065414429,0,0.03831792250275612,-0.9826495051383972,0.181471049785614,0,-0.11588830500841141,0.02538534626364708,0.025420093908905983,1],[7,-0.6284464597702026,-0.0071974690072238445,0.7778196334838867,0,-0.7413343191146851,-0.29725182056427,-0.6017183065414429,0,0.23553913831710815,-0.9547720551490784,0.1814710944890976,0,-0.20116107165813446,-0.015466535463929176,0.025420090183615685,1],[7,-0.5803963541984558,0.7916496992111206,0.19086864590644836,0,-0.7840222716331482,-0.6065801382064819,0.13179421424865723,0,0.22011198103427887,-0.07315237820148468,0.97272789478302,0,-0.28157395124435425,0.0392446406185627,0.01798965036869049,1],[7,0.1679060161113739,0.3115033507347107,0.9352932572364807,0,-0.8323944211006165,-0.4634915590286255,0.3038012385368347,0,0.5281355381011963,-0.829542875289917,0.1814706176519394,0,-0.20587316155433655,0.025403844192624092,0.22949975728988647,1],[7,-0.08898714184761047,0.9916017651557922,-0.09384785592556,0,-0.9844789505004883,-0.07325398921966553,0.15948368608951569,0,0.1512695550918579,0.10658323764801025,0.9827296733856201,0,-0.2878980338573456,0.21192115545272827,-0.03826324641704559,1],[7,0.9669036269187927,-0.0030993337277323008,0.2551233470439911,0,-0.2542504072189331,-0.09523506462574005,0.9624381065368652,0,0.021313771605491638,-0.9954500794410706,-0.09287112206220627,0,-0.03823726996779442,0.01805936172604561,0.0491098091006279,1],[7,0.6170060038566589,-0.11958691477775574,0.7778191566467285,0,-0.7860251665115356,-0.14177314937114716,0.6017183065414429,0,0.03831623122096062,-0.9826492071151733,-0.18147318065166473,0,-0.11253698915243149,0.02473580837249756,-0.021195298060774803,1],[7,0.6284470558166504,0.007194847334176302,0.7778191566467285,0,-0.7413343787193298,-0.29725182056427,0.6017183065414429,0,0.23553742468357086,-0.9547721147537231,-0.18147321045398712,0,-0.197747603058815,-0.015427447855472565,-0.0211953055113554,1],[7,0.5803970098495483,-0.7916498780250549,0.19086597859859467,0,-0.7840222716331482,-0.6065800786018372,-0.13179424405097961,0,0.22011040151119232,-0.07315017282962799,-0.9727284908294678,0,-0.2784214913845062,0.034944720566272736,-0.016952937468886375,1],[7,-0.16790464520454407,-0.31150543689727783,0.9352927207946777,0,-0.8323944211006165,-0.4634915888309479,-0.30380117893218994,0,0.5281359553337097,-0.8295421600341797,-0.1814729869365692,0,-0.20678512752056122,0.023711852729320526,-0.22441962361335754,1],[7,0.08898749947547913,-0.9916014671325684,-0.09385032206773758,0,-0.9844789505004883,-0.07325396686792374,-0.15948368608951569,0,0.1512693166732788,0.10658571124076843,-0.9827295541763306,0,-0.28741469979286194,0.206535205245018,0.03775344416499138,1],[7,-0.32963573932647705,0.9408681392669678,-0.07814868539571762,0,-0.9154932498931885,-0.33877259492874146,-0.21703782677650452,0,-0.23067863285541534,0.0000011699537481035804,0.973030149936676,0,-0.22939404845237732,0.005870864260941744,-0.09462270885705948,1],[7,0.4140252470970154,0.9090648889541626,0.046734221279621124,0,-0.9033281803131104,0.4166545271873474,-0.10196627676486969,0,-0.11216595768928528,2.738952389336191e-7,0.9936897158622742,0,-0.2326902151107788,0.04604322090744972,-0.06875472515821457,1],[7,0.011651393957436085,0.9999276399612427,0.0029490177985280752,0,-0.9693645238876343,0.012018806301057339,-0.24533170461654663,0,-0.24534942209720612,-2.168147688053068e-7,0.9694345593452454,0,-0.22256270051002502,0.05562256649136543,-0.05179385840892792,1]],8,8,8,8,8,8,8,8,8,8,8,8,8,8,8,8,8,8,8,8,8,8,8,8,8,8,8,8]]],0,0,[],[],[]],[[[19,".bin",574743252,[{"primitives":[{"primitiveMode":7,"vertexBundelIndices":[0],"indexView":{"offset":23472,"length":2232,"count":1116,"stride":2}}],"vertexBundles":[{"view":{"offset":0,"length":23472,"count":326,"stride":72},"attributes":[{"name":"a_position","format":32,"isNormalized":false},{"name":"a_normal","format":32,"isNormalized":false},{"name":"a_texCoord","format":21,"isNormalized":false},{"name":"a_tangent","format":44,"isNormalized":false},{"name":"a_joints","format":42,"isNormalized":false},{"name":"a_weights","format":44,"isNormalized":false}]}]},"minPosition",8,[1,0.08665945380926132,-0.2982606291770935,0.0636959969997406],"maxPosition",8,[1,0.5439692735671997,0.04342968016862869,0.13371124863624573]]],-1],0,0,[],[],[]]]]
